country,year,variant,gender,freq,age1yearinterval,survivorage
478,1950,estimates,female,5Yearly,0,100000
478,1950,estimates,male,5Yearly,0,100000
478,1950,estimates,female,5Yearly,1,85260.6196125285
478,1950,estimates,male,5Yearly,1,85146.7204058424
478,1950,estimates,female,5Yearly,5,71581.8293005191
478,1950,estimates,male,5Yearly,5,71326.3503388994
478,1950,estimates,female,5Yearly,10,67884.3644575702
478,1950,estimates,male,5Yearly,10,68197.7380497369
478,1950,estimates,female,5Yearly,15,66023.0478780577
478,1950,estimates,male,5Yearly,15,66661.9929987865
478,1950,estimates,female,5Yearly,20,63451.4127793898
478,1950,estimates,male,5Yearly,20,64408.4365869936
478,1950,estimates,female,5Yearly,25,60367.5033323664
478,1950,estimates,male,5Yearly,25,61117.5549176103
478,1950,estimates,female,5Yearly,30,57187.6278077645
478,1950,estimates,male,5Yearly,30,58007.7179783768
478,1950,estimates,female,5Yearly,35,54062.1066030629
478,1950,estimates,male,5Yearly,35,55015.1505284389
478,1950,estimates,female,5Yearly,40,50904.4332139481
478,1950,estimates,male,5Yearly,40,51860.262041509
478,1950,estimates,female,5Yearly,45,47814.7251238982
478,1950,estimates,male,5Yearly,45,48294.8394395628
478,1950,estimates,female,5Yearly,50,44684.2464009355
478,1950,estimates,male,5Yearly,50,44342.0286057535
478,1950,estimates,female,5Yearly,55,40844.5201582925
478,1950,estimates,male,5Yearly,55,39665.8916654077
478,1950,estimates,female,5Yearly,60,36067.3478403116
478,1950,estimates,male,5Yearly,60,34108.614792045
478,1950,estimates,female,5Yearly,65,29356.1166367497
478,1950,estimates,male,5Yearly,65,27213.0538442364
478,1950,estimates,female,5Yearly,70,21229.3344735606
478,1950,estimates,male,5Yearly,70,19423.6650182556
478,1950,estimates,female,5Yearly,75,12441.6995169259
478,1950,estimates,male,5Yearly,75,11358.1022167609
478,1950,estimates,female,5Yearly,80,5249.89924106385
478,1950,estimates,male,5Yearly,80,4824.50743747677
478,1950,estimates,female,5Yearly,85,1339.17091660291
478,1950,estimates,male,5Yearly,85,1263.45713274896
478,1950,estimates,female,5Yearly,90,186.915786359258
478,1950,estimates,male,5Yearly,90,173.857827033393
478,1950,estimates,female,5Yearly,95,13.2629630958358
478,1950,estimates,male,5Yearly,95,11.5939296987984
478,1955,estimates,female,5Yearly,0,100000
478,1955,estimates,male,5Yearly,0,100000
478,1955,estimates,female,5Yearly,1,86551.8296423321
478,1955,estimates,male,5Yearly,1,86355.9203755563
478,1955,estimates,female,5Yearly,5,74512.8693588449
478,1955,estimates,male,5Yearly,5,74063.9703212651
478,1955,estimates,female,5Yearly,10,71237.5108179438
478,1955,estimates,male,5Yearly,10,71266.7189687899
478,1955,estimates,female,5Yearly,15,69557.9719381714
478,1955,estimates,male,5Yearly,15,69870.8946914877
478,1955,estimates,female,5Yearly,20,67219.4782199096
478,1955,estimates,male,5Yearly,20,67812.8203152374
478,1955,estimates,female,5Yearly,25,64393.9108920917
478,1955,estimates,male,5Yearly,25,64786.4173824656
478,1955,estimates,female,5Yearly,30,61449.089308107
478,1955,estimates,male,5Yearly,30,61911.8424660985
478,1955,estimates,female,5Yearly,35,58534.8849376754
478,1955,estimates,male,5Yearly,35,59095.8492266436
478,1955,estimates,female,5Yearly,40,55551.089280045
478,1955,estimates,male,5Yearly,40,56094.9735662752
478,1955,estimates,female,5Yearly,45,52579.6941415843
478,1955,estimates,male,5Yearly,45,52653.7084468835
478,1955,estimates,female,5Yearly,50,49517.508637901
478,1955,estimates,male,5Yearly,50,48770.9559023179
478,1955,estimates,female,5Yearly,55,45715.034640355
478,1955,estimates,male,5Yearly,55,44089.6029047759
478,1955,estimates,female,5Yearly,60,40918.1784613193
478,1955,estimates,male,5Yearly,60,38420.9346758809
478,1955,estimates,female,5Yearly,65,34078.6655725731
478,1955,estimates,male,5Yearly,65,31263.8397031797
478,1955,estimates,female,5Yearly,70,25526.8322941802
478,1955,estimates,male,5Yearly,70,22966.0466120321
478,1955,estimates,female,5Yearly,75,15817.9562974462
478,1955,estimates,male,5Yearly,75,14031.8553686523
478,1955,estimates,female,5Yearly,80,7271.32034645919
478,1955,estimates,male,5Yearly,80,6359.48991880376
478,1955,estimates,female,5Yearly,85,2097.88517371793
478,1955,estimates,male,5Yearly,85,1824.28590841625
478,1955,estimates,female,5Yearly,90,339.159068171425
478,1955,estimates,male,5Yearly,90,279.639413861428
478,1955,estimates,female,5Yearly,95,28.0409820377218
478,1955,estimates,male,5Yearly,95,20.7938316793304
478,1960,estimates,female,5Yearly,0,100000
478,1960,estimates,male,5Yearly,0,100000
478,1960,estimates,female,5Yearly,1,87910.4596745502
478,1960,estimates,male,5Yearly,1,87540.7903454063
478,1960,estimates,female,5Yearly,5,77668.9294254493
478,1960,estimates,male,5Yearly,5,76802.6303024091
478,1960,estimates,female,5Yearly,10,74898.5906191878
478,1960,estimates,male,5Yearly,10,74399.4565735218
478,1960,estimates,female,5Yearly,15,73429.6041246709
478,1960,estimates,male,5Yearly,15,73156.1022064062
478,1960,estimates,female,5Yearly,20,71348.872347193
478,1960,estimates,male,5Yearly,20,71311.7726232115
478,1960,estimates,female,5Yearly,25,68817.8478277838
478,1960,estimates,male,5Yearly,25,68575.9437577091
478,1960,estimates,female,5Yearly,30,66148.1176588804
478,1960,estimates,male,5Yearly,30,65967.1512396056
478,1960,estimates,female,5Yearly,35,63490.0766521105
478,1960,estimates,male,5Yearly,35,63346.0607448979
478,1960,estimates,female,5Yearly,40,60733.5139791378
478,1960,estimates,male,5Yearly,40,60525.2985564772
478,1960,estimates,female,5Yearly,45,57932.0834751718
478,1960,estimates,male,5Yearly,45,57235.8553985982
478,1960,estimates,female,5Yearly,50,54985.3223685514
478,1960,estimates,male,5Yearly,50,53453.5986057675
478,1960,estimates,female,5Yearly,55,51283.1319989608
478,1960,estimates,male,5Yearly,55,48803.9976686224
478,1960,estimates,female,5Yearly,60,46534.1000647948
478,1960,estimates,male,5Yearly,60,43061.0496190189
478,1960,estimates,female,5Yearly,65,39669.4316838641
478,1960,estimates,male,5Yearly,65,35686.6987818633
478,1960,estimates,female,5Yearly,70,30767.0626559691
478,1960,estimates,male,5Yearly,70,26915.1226262628
478,1960,estimates,female,5Yearly,75,20113.4919784276
478,1960,estimates,male,5Yearly,75,17106.9442259435
478,1960,estimates,female,5Yearly,80,10016.7965023216
478,1960,estimates,male,5Yearly,80,8209.427776419
478,1960,estimates,female,5Yearly,85,3233.8434029404
478,1960,estimates,male,5Yearly,85,2548.60192647732
478,1960,estimates,female,5Yearly,90,598.051213585401
478,1960,estimates,male,5Yearly,90,429.036591799148
478,1960,estimates,female,5Yearly,95,56.8904549496801
478,1960,estimates,male,5Yearly,95,35.0646570393728
478,1965,estimates,female,5Yearly,0,100000
478,1965,estimates,male,5Yearly,0,100000
478,1965,estimates,female,5Yearly,1,88888.7696982945
478,1965,estimates,male,5Yearly,1,88395.6603233624
478,1965,estimates,female,5Yearly,5,79989.8694768852
478,1965,estimates,male,5Yearly,5,78814.8102878193
478,1965,estimates,female,5Yearly,10,77636.9356419815
478,1965,estimates,male,5Yearly,10,76717.5576748676
478,1965,estimates,female,5Yearly,15,76354.4861926825
478,1965,estimates,male,5Yearly,15,75599.1220268985
478,1965,estimates,female,5Yearly,20,74523.3447461233
478,1965,estimates,male,5Yearly,20,73932.985658067
478,1965,estimates,female,5Yearly,25,72271.8784268996
478,1965,estimates,male,5Yearly,25,71448.8020019459
478,1965,estimates,female,5Yearly,30,69869.0596738822
478,1965,estimates,male,5Yearly,30,69068.1337366666
478,1965,estimates,female,5Yearly,35,67450.3654681028
478,1965,estimates,male,5Yearly,35,66611.9937425189
478,1965,estimates,female,5Yearly,40,64906.9803677202
478,1965,estimates,male,5Yearly,40,63950.4082739588
478,1965,estimates,female,5Yearly,45,62262.0451403982
478,1965,estimates,male,5Yearly,45,60795.435876187
478,1965,estimates,female,5Yearly,50,59423.2515649963
478,1965,estimates,male,5Yearly,50,57106.115964934
478,1965,estimates,female,5Yearly,55,55807.6456136411
478,1965,estimates,male,5Yearly,55,52496.8517449753
478,1965,estimates,female,5Yearly,60,51114.3045267952
478,1965,estimates,male,5Yearly,60,46711.3661454758
478,1965,estimates,female,5Yearly,65,44253.9675492952
478,1965,estimates,male,5Yearly,65,39193.734668848
478,1965,estimates,female,5Yearly,70,35119.9282412514
478,1965,estimates,male,5Yearly,70,30084.3722930621
478,1965,estimates,female,5Yearly,75,23768.3327660859
478,1965,estimates,male,5Yearly,75,19622.1847653731
478,1965,estimates,female,5Yearly,80,12441.127812377
478,1965,estimates,male,5Yearly,80,9766.5364677174
478,1965,estimates,female,5Yearly,85,4298.2464089719
478,1965,estimates,male,5Yearly,85,3184.93575968659
478,1965,estimates,female,5Yearly,90,860.435563891803
478,1965,estimates,male,5Yearly,90,567.718711946218
478,1965,estimates,female,5Yearly,95,88.6799807874747
478,1965,estimates,male,5Yearly,95,49.0784072100017
478,1970,estimates,female,5Yearly,0,100000
478,1970,estimates,male,5Yearly,0,100000
478,1970,estimates,female,5Yearly,1,89678.7497178011
478,1970,estimates,male,5Yearly,1,89101.4403049791
478,1970,estimates,female,5Yearly,5,81895.0795206317
478,1970,estimates,male,5Yearly,5,80500.0002751419
478,1970,estimates,female,5Yearly,10,79870.9209821984
478,1970,estimates,male,5Yearly,10,78634.8383302765
478,1970,estimates,female,5Yearly,15,78743.8372918836
478,1970,estimates,male,5Yearly,15,77614.9120699655
478,1970,estimates,female,5Yearly,20,77125.8714393738
478,1970,estimates,male,5Yearly,20,76094.8217757751
478,1970,estimates,female,5Yearly,25,75116.4248377971
478,1970,estimates,male,5Yearly,25,73827.5819795524
478,1970,estimates,female,5Yearly,30,72949.1939650149
478,1970,estimates,male,5Yearly,30,71639.9572242196
478,1970,estimates,female,5Yearly,35,70746.2985932402
478,1970,estimates,male,5Yearly,35,69344.319412181
478,1970,estimates,female,5Yearly,40,68398.4043987768
478,1970,estimates,male,5Yearly,40,66833.6107218249
478,1970,estimates,female,5Yearly,45,65903.8687561136
478,1970,estimates,male,5Yearly,45,63813.6350078528
478,1970,estimates,female,5Yearly,50,63176.991957922
478,1970,estimates,male,5Yearly,50,60222.2509531628
478,1970,estimates,female,5Yearly,55,59657.7758973629
478,1970,estimates,male,5Yearly,55,55661.4075812762
478,1970,estimates,female,5Yearly,60,55045.5173900265
478,1970,estimates,male,5Yearly,60,49859.7990585337
478,1970,estimates,female,5Yearly,65,48238.1296388125
478,1970,estimates,male,5Yearly,65,42245.781475902
478,1970,estimates,female,5Yearly,70,38977.1240060097
478,1970,estimates,male,5Yearly,70,32882.6396518269
478,1970,estimates,female,5Yearly,75,27103.8279076678
478,1970,estimates,male,5Yearly,75,21892.8636436921
478,1970,estimates,female,5Yearly,80,14744.3102295307
478,1970,estimates,male,5Yearly,80,11213.4923296363
478,1970,estimates,female,5Yearly,85,5366.02159380854
478,1970,estimates,male,5Yearly,85,3800.20319677734
478,1970,estimates,female,5Yearly,90,1141.0571310468
478,1970,estimates,male,5Yearly,90,708.226855762582
478,1970,estimates,female,5Yearly,95,124.900356758641
478,1970,estimates,male,5Yearly,95,63.9308171761279
478,1975,estimates,female,5Yearly,0,100000
478,1975,estimates,male,5Yearly,0,100000
478,1975,estimates,female,5Yearly,1,90432.2499012734
478,1975,estimates,male,5Yearly,1,89808.4202863978
478,1975,estimates,female,5Yearly,5,83739.2364025392
478,1975,estimates,male,5Yearly,5,82210.5302618618
478,1975,estimates,female,5Yearly,10,82036.9399586124
478,1975,estimates,male,5Yearly,10,80588.8978552404
478,1975,estimates,female,5Yearly,15,81065.138931889
478,1975,estimates,male,5Yearly,15,79675.9771154194
478,1975,estimates,female,5Yearly,20,79661.0597042018
478,1975,estimates,male,5Yearly,20,78314.4453330318
478,1975,estimates,female,5Yearly,25,77898.9961075838
478,1975,estimates,male,5Yearly,25,76282.1759211295
478,1975,estimates,female,5Yearly,30,75977.186945965
478,1975,estimates,male,5Yearly,30,74307.8593609926
478,1975,estimates,female,5Yearly,35,74004.9935041208
478,1975,estimates,male,5Yearly,35,72194.6536851018
478,1975,estimates,female,5Yearly,40,71872.2513665508
478,1975,estimates,male,5Yearly,40,69859.5824923646
478,1975,estimates,female,5Yearly,45,69552.2147827434
478,1975,estimates,male,5Yearly,45,67004.0901178033
478,1975,estimates,female,5Yearly,50,66964.6531787372
478,1975,estimates,male,5Yearly,50,63543.1365215333
478,1975,estimates,female,5Yearly,55,63578.0254520121
478,1975,estimates,male,5Yearly,55,59066.0679259861
478,1975,estimates,female,5Yearly,60,59093.9121298528
478,1975,estimates,male,5Yearly,60,53285.8427734318
478,1975,estimates,female,5Yearly,65,52410.2123591304
478,1975,estimates,male,5Yearly,65,45616.8367116
478,1975,estimates,female,5Yearly,70,43109.2664940807
478,1975,estimates,male,5Yearly,70,36033.2348017307
478,1975,estimates,female,5Yearly,75,30791.4958801388
478,1975,estimates,male,5Yearly,75,24515.5067267227
478,1975,estimates,female,5Yearly,80,17399.6773702332
478,1975,estimates,male,5Yearly,80,12940.8169161855
478,1975,estimates,female,5Yearly,85,6664.22883574347
478,1975,estimates,male,5Yearly,85,4565.80214181834
478,1975,estimates,female,5Yearly,90,1503.29115266974
478,1975,estimates,male,5Yearly,90,891.428950201937
478,1975,estimates,female,5Yearly,95,174.399281647648
478,1975,estimates,male,5Yearly,95,84.1604307393599
478,1980,estimates,female,5Yearly,0,100000
478,1980,estimates,male,5Yearly,0,100000
478,1980,estimates,female,5Yearly,1,91393.229910657
478,1980,estimates,male,5Yearly,1,90773.6098404775
478,1980,estimates,female,5Yearly,5,86131.3870307531
478,1980,estimates,male,5Yearly,5,84583.739679556
478,1980,estimates,female,5Yearly,10,84688.8599343918
478,1980,estimates,male,5Yearly,10,83275.5497729446
478,1980,estimates,female,5Yearly,15,83848.6155531124
478,1980,estimates,male,5Yearly,15,82503.4846394635
478,1980,estimates,female,5Yearly,20,82619.664895415
478,1980,estimates,male,5Yearly,20,81350.8263170727
478,1980,estimates,female,5Yearly,25,81062.2926382268
478,1980,estimates,male,5Yearly,25,79627.2825435542
478,1980,estimates,female,5Yearly,30,79345.1879850243
478,1980,estimates,male,5Yearly,30,77939.538928883
478,1980,estimates,female,5Yearly,35,77568.2894635306
478,1980,estimates,male,5Yearly,35,76076.8989363695
478,1980,estimates,female,5Yearly,40,75618.8203670589
478,1980,estimates,male,5Yearly,40,73988.3795692518
478,1980,estimates,female,5Yearly,45,73448.6553995836
478,1980,estimates,male,5Yearly,45,71372.3628207925
478,1980,estimates,female,5Yearly,50,70980.9805607036
478,1980,estimates,male,5Yearly,50,68113.699754097
478,1980,estimates,female,5Yearly,55,67707.4971397093
478,1980,estimates,male,5Yearly,55,63785.1907580917
478,1980,estimates,female,5Yearly,60,63331.8655219662
478,1980,estimates,male,5Yearly,60,58078.7979164242
478,1980,estimates,female,5Yearly,65,56752.5274728736
478,1980,estimates,male,5Yearly,65,50394.2671957702
478,1980,estimates,female,5Yearly,70,47403.4414344524
478,1980,estimates,male,5Yearly,70,40578.5467943262
478,1980,estimates,female,5Yearly,75,34649.3403676974
478,1980,estimates,male,5Yearly,75,28396.8216535974
478,1980,estimates,female,5Yearly,80,20230.525806681
478,1980,estimates,male,5Yearly,80,15588.0694430512
478,1980,estimates,female,5Yearly,85,8093.67969717404
478,1980,estimates,male,5Yearly,85,5793.7164732756
478,1980,estimates,female,5Yearly,90,1919.24964816778
478,1980,estimates,male,5Yearly,90,1200.94543010978
478,1980,estimates,female,5Yearly,95,233.648528458816
478,1980,estimates,male,5Yearly,95,120.02194760083
478,1985,estimates,female,5Yearly,0,100000
478,1985,estimates,male,5Yearly,0,100000
478,1985,estimates,female,5Yearly,1,92043.0699170462
478,1985,estimates,male,5Yearly,1,91433.8098513013
478,1985,estimates,female,5Yearly,5,87776.1221750325
478,1985,estimates,male,5Yearly,5,86233.4397136376
478,1985,estimates,female,5Yearly,10,86484.6917913179
478,1985,estimates,male,5Yearly,10,85106.517179204
478,1985,estimates,female,5Yearly,15,85723.2573892962
478,1985,estimates,male,5Yearly,15,84416.0068644448
478,1985,estimates,female,5Yearly,20,84597.1126760908
478,1985,estimates,male,5Yearly,20,83384.3987197444
478,1985,estimates,female,5Yearly,25,83161.2146047523
478,1985,estimates,male,5Yearly,25,81839.5540585004
478,1985,estimates,female,5Yearly,30,81566.3287175806
478,1985,estimates,male,5Yearly,30,80320.3382925524
478,1985,estimates,female,5Yearly,35,79907.8028934391
478,1985,estimates,male,5Yearly,35,78607.2018025502
478,1985,estimates,female,5Yearly,40,78070.5684801109
478,1985,estimates,male,5Yearly,40,76667.5739297753
478,1985,estimates,female,5Yearly,45,75993.7031112407
478,1985,estimates,male,5Yearly,45,74199.3163613631
478,1985,estimates,female,5Yearly,50,73601.9536651911
478,1985,estimates,male,5Yearly,50,71069.171821579
478,1985,estimates,female,5Yearly,55,70401.5946327521
478,1985,estimates,male,5Yearly,55,66839.8209201691
478,1985,estimates,female,5Yearly,60,66098.1789445254
478,1985,estimates,male,5Yearly,60,61189.8287886447
478,1985,estimates,female,5Yearly,65,59593.043587536
478,1985,estimates,male,5Yearly,65,53511.7135054327
478,1985,estimates,female,5Yearly,70,50227.8738464062
478,1985,estimates,male,5Yearly,70,43572.5373460203
478,1985,estimates,female,5Yearly,75,37215.4611612976
478,1985,estimates,male,5Yearly,75,30994.3843718591
478,1985,estimates,female,5Yearly,80,22150.1930218317
478,1985,estimates,male,5Yearly,80,17404.3330792321
478,1985,estimates,female,5Yearly,85,9089.8426265619
478,1985,estimates,male,5Yearly,85,6665.5441911633
478,1985,estimates,female,5Yearly,90,2218.51651000637
478,1985,estimates,male,5Yearly,90,1429.69598683765
478,1985,estimates,female,5Yearly,95,277.52132547298
478,1985,estimates,male,5Yearly,95,147.507608702833
478,1990,estimates,female,5Yearly,0,100000
478,1990,estimates,male,5Yearly,0,100000
478,1990,estimates,female,5Yearly,1,92348.4199200622
478,1990,estimates,male,5Yearly,1,91732.3698562152
478,1990,estimates,female,5Yearly,5,88557.034078646
478,1990,estimates,male,5Yearly,5,86986.9097295761
478,1990,estimates,female,5Yearly,10,87390.3968878748
478,1990,estimates,male,5Yearly,10,85954.2736021583
478,1990,estimates,female,5Yearly,15,86691.9223462557
478,1990,estimates,male,5Yearly,15,85307.1886980493
478,1990,estimates,female,5Yearly,20,85651.8108679373
478,1990,estimates,male,5Yearly,20,84339.9095838842
478,1990,estimates,female,5Yearly,25,84318.9026766399
478,1990,estimates,male,5Yearly,25,82889.8904764265
478,1990,estimates,female,5Yearly,30,82828.9904721425
478,1990,estimates,male,5Yearly,30,81461.0665734481
478,1990,estimates,female,5Yearly,35,81273.8504342152
478,1990,estimates,male,5Yearly,35,79829.1427972981
478,1990,estimates,female,5Yearly,40,79537.1625472182
478,1990,estimates,male,5Yearly,40,77971.2081623074
478,1990,estimates,female,5Yearly,45,77548.4491732134
478,1990,estimates,male,5Yearly,45,75585.8098320437
478,1990,estimates,female,5Yearly,50,75233.8759604331
478,1990,estimates,male,5Yearly,50,72530.5599954562
478,1990,estimates,female,5Yearly,55,72114.9096817001
478,1990,estimates,male,5Yearly,55,68363.775690526
478,1990,estimates,female,5Yearly,60,67900.7966223333
478,1990,estimates,male,5Yearly,60,62757.5474348621
478,1990,estimates,female,5Yearly,65,61504.1272244977
478,1990,estimates,male,5Yearly,65,55102.3014955236
478,1990,estimates,female,5Yearly,70,52198.352236403
478,1990,estimates,male,5Yearly,70,45123.0905805984
478,1990,estimates,female,5Yearly,75,39079.0132084666
478,1990,estimates,male,5Yearly,75,32364.6581921555
478,1990,estimates,female,5Yearly,80,23603.5095423086
478,1990,estimates,male,5Yearly,80,18383.8664858824
478,1990,estimates,female,5Yearly,85,9875.3704222914
478,1990,estimates,male,5Yearly,85,7147.77553216918
478,1990,estimates,female,5Yearly,90,2463.23127812766
478,1990,estimates,male,5Yearly,90,1559.52898727896
478,1990,estimates,female,5Yearly,95,314.394577727907
478,1990,estimates,male,5Yearly,95,163.437111638826
478,1995,estimates,female,5Yearly,0,100000
478,1995,estimates,male,5Yearly,0,100000
478,1995,estimates,female,5Yearly,1,93299.9999295239
478,1995,estimates,male,5Yearly,1,91526.6698528283
478,1995,estimates,female,5Yearly,5,89627.995197907
478,1995,estimates,male,5Yearly,5,87756.6997511877
478,1995,estimates,female,5Yearly,10,88532.947393256
478,1995,estimates,male,5Yearly,10,86779.4414048184
478,1995,estimates,female,5Yearly,15,87872.2011322631
478,1995,estimates,male,5Yearly,15,86155.1740491771
478,1995,estimates,female,5Yearly,20,86880.713276253
478,1995,estimates,male,5Yearly,20,85222.2735128643
478,1995,estimates,female,5Yearly,25,85605.5696815994
478,1995,estimates,male,5Yearly,25,83822.7619609782
478,1995,estimates,female,5Yearly,30,84173.9401357205
478,1995,estimates,male,5Yearly,30,82442.2061516768
478,1995,estimates,female,5Yearly,35,82675.9801584074
478,1995,estimates,male,5Yearly,35,80852.4626466908
478,1995,estimates,female,5Yearly,40,80993.6648101968
478,1995,estimates,male,5Yearly,40,79036.2858997816
478,1995,estimates,female,5Yearly,45,79050.0749142849
478,1995,estimates,male,5Yearly,45,76691.6564977417
478,1995,estimates,female,5Yearly,50,76771.8417438939
478,1995,estimates,male,5Yearly,50,73670.3109573156
478,1995,estimates,female,5Yearly,55,73687.4650494649
478,1995,estimates,male,5Yearly,55,69526.4478037499
478,1995,estimates,female,5Yearly,60,69506.9105824498
478,1995,estimates,male,5Yearly,60,63927.1394706164
478,1995,estimates,female,5Yearly,65,63144.2368503384
478,1995,estimates,male,5Yearly,65,56259.5668873706
478,1995,estimates,female,5Yearly,70,53824.4895225823
478,1995,estimates,male,5Yearly,70,46222.752948912
478,1995,estimates,female,5Yearly,75,40560.7534976907
478,1995,estimates,male,5Yearly,75,33313.1288914691
478,1995,estimates,female,5Yearly,80,24725.8903363782
478,1995,estimates,male,5Yearly,80,19048.8711801805
478,1995,estimates,female,5Yearly,85,10470.8578979158
478,1995,estimates,male,5Yearly,85,7471.03848633316
478,1995,estimates,female,5Yearly,90,2647.21277521201
478,1995,estimates,male,5Yearly,90,1646.07085225769
478,1995,estimates,female,5Yearly,95,342.032980700059
478,1995,estimates,male,5Yearly,95,174.03608584558
478,2000,estimates,female,5Yearly,0,100000
478,2000,estimates,male,5Yearly,0,100000
478,2000,estimates,female,5Yearly,1,93348.2999300068
478,2000,estimates,male,5Yearly,1,91576.6998536515
478,2000,estimates,female,5Yearly,5,89758.2954455228
478,2000,estimates,male,5Yearly,5,87881.6997539018
478,2000,estimates,female,5Yearly,10,88739.6668482395
478,2000,estimates,male,5Yearly,10,86947.795137312
478,2000,estimates,female,5Yearly,15,88115.8642441004
478,2000,estimates,male,5Yearly,15,86345.3288663642
478,2000,estimates,female,5Yearly,20,87177.5172325732
478,2000,estimates,male,5Yearly,20,85444.4772738561
478,2000,estimates,female,5Yearly,25,85966.4948400898
478,2000,estimates,male,5Yearly,25,84092.273099621
478,2000,estimates,female,5Yearly,30,84601.0927366251
478,2000,estimates,male,5Yearly,30,82757.2479909752
478,2000,estimates,female,5Yearly,35,83169.2316423493
478,2000,estimates,male,5Yearly,35,81209.7915150738
478,2000,estimates,female,5Yearly,40,81552.3169803452
478,2000,estimates,male,5Yearly,40,79437.0274087602
478,2000,estimates,female,5Yearly,45,79668.4594692617
478,2000,estimates,male,5Yearly,45,77138.3286233072
478,2000,estimates,female,5Yearly,50,77445.4191380177
478,2000,estimates,male,5Yearly,50,74161.6716571362
478,2000,estimates,female,5Yearly,55,74423.8854831458
478,2000,estimates,male,5Yearly,55,70060.5538160726
478,2000,estimates,female,5Yearly,60,70316.4596291914
478,2000,estimates,male,5Yearly,60,64499.9608171196
478,2000,estimates,female,5Yearly,65,64049.8090646192
478,2000,estimates,male,5Yearly,65,56868.1253419216
478,2000,estimates,female,5Yearly,70,54812.5530826953
478,2000,estimates,male,5Yearly,70,46844.9962617845
478,2000,estimates,female,5Yearly,75,41551.227771715
478,2000,estimates,male,5Yearly,75,33890.8060623549
478,2000,estimates,female,5Yearly,80,25543.8757785932
478,2000,estimates,male,5Yearly,80,19482.1258973861
478,2000,estimates,female,5Yearly,85,10937.5276535902
478,2000,estimates,male,5Yearly,85,7694.2066974386
478,2000,estimates,female,5Yearly,90,2799.70419108422
478,2000,estimates,male,5Yearly,90,1708.5609930649
478,2000,estimates,female,5Yearly,95,365.891550811942
478,2000,estimates,male,5Yearly,95,181.927698395193
478,2005,estimates,female,5Yearly,0,100000
478,2005,estimates,male,5Yearly,0,100000
478,2005,estimates,female,5Yearly,1,93593.3999324619
478,2005,estimates,male,5Yearly,1,91921.6668593374
478,2005,estimates,female,5Yearly,5,90469.9966870974
478,2005,estimates,male,5Yearly,5,88696.6997715457
478,2005,estimates,female,5Yearly,10,89528.4045164265
478,2005,estimates,male,5Yearly,10,87857.4713483574
478,2005,estimates,female,5Yearly,15,88945.2952881303
478,2005,estimates,male,5Yearly,15,87296.5953242057
478,2005,estimates,female,5Yearly,20,88061.2177684457
478,2005,estimates,male,5Yearly,20,86461.0719422698
478,2005,estimates,female,5Yearly,25,86915.4966129146
478,2005,estimates,male,5Yearly,25,85205.0886249064
478,2005,estimates,female,5Yearly,30,85617.2269314971
478,2005,estimates,male,5Yearly,30,83962.8910810801
478,2005,estimates,female,5Yearly,35,84252.2045543552
478,2005,estimates,male,5Yearly,35,82499.7102657739
478,2005,estimates,female,5Yearly,40,82700.7043060068
478,2005,estimates,male,5Yearly,40,80812.6404624695
478,2005,estimates,female,5Yearly,45,80874.8328779012
478,2005,estimates,male,5Yearly,45,78602.2578696499
478,2005,estimates,female,5Yearly,50,78703.0507987517
478,2005,estimates,male,5Yearly,50,75707.5188983316
478,2005,estimates,female,5Yearly,55,75736.4750745566
478,2005,estimates,male,5Yearly,55,71678.6788948789
478,2005,estimates,female,5Yearly,60,71689.9079577139
478,2005,estimates,male,5Yearly,60,66170.8193560371
478,2005,estimates,female,5Yearly,65,65498.7895823134
478,2005,estimates,male,5Yearly,65,58577.1338650014
478,2005,estimates,female,5Yearly,70,56305.4743108745
478,2005,estimates,male,5Yearly,70,48530.225683233
478,2005,estimates,female,5Yearly,75,42972.8537286701
478,2005,estimates,male,5Yearly,75,35405.4755601342
478,2005,estimates,female,5Yearly,80,26672.6706381048
478,2005,estimates,male,5Yearly,80,20591.103985209
478,2005,estimates,female,5Yearly,85,11565.2400661628
478,2005,estimates,male,5Yearly,85,8257.20406497339
478,2005,estimates,female,5Yearly,90,3002.01708668758
478,2005,estimates,male,5Yearly,90,1865.449145257
478,2005,estimates,female,5Yearly,95,397.28297598349
478,2005,estimates,male,5Yearly,95,201.775264102014
478,2010,estimates,female,5Yearly,0,100000
478,2010,estimates,male,5Yearly,0,100000
478,2010,estimates,female,5Yearly,1,94069.9999372572
478,2010,estimates,male,5Yearly,1,92519.9998692425
478,2010,estimates,female,5Yearly,5,91829.9984230988
478,2010,estimates,male,5Yearly,5,90189.9998048481
478,2010,estimates,female,5Yearly,10,90955.9953552915
478,2010,estimates,male,5Yearly,10,89446.1049302146
478,2010,estimates,female,5Yearly,15,90414.9746376627
478,2010,estimates,male,5Yearly,15,88919.6980781364
478,2010,estimates,female,5Yearly,20,89580.8114114445
478,2010,estimates,male,5Yearly,20,88144.4525190632
478,2010,estimates,female,5Yearly,25,88494.5192505028
478,2010,estimates,male,5Yearly,25,86977.0102327689
478,2010,estimates,female,5Yearly,30,87256.6031191601
478,2010,estimates,male,5Yearly,30,85820.5710900424
478,2010,estimates,female,5Yearly,35,85951.3917983653
478,2010,estimates,male,5Yearly,35,84433.0324117604
478,2010,estimates,female,5Yearly,40,84456.980964472
478,2010,estimates,male,5Yearly,40,82821.9175713079
478,2010,estimates,female,5Yearly,45,82678.5988057781
478,2010,estimates,male,5Yearly,45,80686.8644203303
478,2010,estimates,female,5Yearly,50,80544.8722857937
478,2010,estimates,male,5Yearly,50,77856.7259056716
478,2010,estimates,female,5Yearly,55,77611.2927686855
478,2010,estimates,male,5Yearly,55,73874.3835999953
478,2010,estimates,female,5Yearly,60,73597.789216075
478,2010,estimates,male,5Yearly,60,68379.1482148541
478,2010,estimates,female,5Yearly,65,67436.050006623
478,2010,estimates,male,5Yearly,65,60773.9461243536
478,2010,estimates,female,5Yearly,70,58223.2527767436
478,2010,estimates,male,5Yearly,70,50635.9319791768
478,2010,estimates,female,5Yearly,75,44731.7476705349
478,2010,estimates,male,5Yearly,75,37247.6021158353
478,2010,estimates,female,5Yearly,80,28022.5384102892
478,2010,estimates,male,5Yearly,80,21911.1842831122
478,2010,estimates,female,5Yearly,85,12298.9352510447
478,2010,estimates,male,5Yearly,85,8917.83678450111
478,2010,estimates,female,5Yearly,90,3235.45506207717
478,2010,estimates,male,5Yearly,90,2048.14355375173
478,2010,estimates,female,5Yearly,95,433.226618171286
478,2010,estimates,male,5Yearly,95,224.757326151547
478,2015,medium variant,female,5Yearly,0,100000
478,2015,medium variant,male,5Yearly,0,100000
478,2015,medium variant,female,5Yearly,1,94531.5774045354
478,2015,medium variant,male,5Yearly,1,93007.6714479164
478,2015,medium variant,female,5Yearly,5,92469.2831340377
478,2015,medium variant,male,5Yearly,5,90819.9151584381
478,2015,medium variant,female,5Yearly,10,91666.5978731183
478,2015,medium variant,male,5Yearly,10,90119.8279758278
478,2015,medium variant,female,5Yearly,15,91170.2567973397
478,2015,medium variant,male,5Yearly,15,89623.2560541696
478,2015,medium variant,female,5Yearly,20,90404.1486879525
478,2015,medium variant,male,5Yearly,20,88890.3125923855
478,2015,medium variant,female,5Yearly,25,89402.2140975856
478,2015,medium variant,male,5Yearly,25,87783.8322834574
478,2015,medium variant,female,5Yearly,30,88251.7677750599
478,2015,medium variant,male,5Yearly,30,86684.0934710899
478,2015,medium variant,female,5Yearly,35,87026.3454198072
478,2015,medium variant,male,5Yearly,35,85358.1634778219
478,2015,medium variant,female,5Yearly,40,85606.6350131868
478,2015,medium variant,male,5Yearly,40,83808.1806445655
478,2015,medium variant,female,5Yearly,45,83896.477298971
478,2015,medium variant,male,5Yearly,45,81736.960658692
478,2015,medium variant,female,5Yearly,50,81821.1350673479
478,2015,medium variant,male,5Yearly,50,78966.0995350913
478,2015,medium variant,female,5Yearly,55,78939.2096512256
478,2015,medium variant,male,5Yearly,55,75031.4828795234
478,2015,medium variant,female,5Yearly,60,74962.8211177975
478,2015,medium variant,male,5Yearly,60,69557.3134886994
478,2015,medium variant,female,5Yearly,65,68813.9400421276
478,2015,medium variant,male,5Yearly,65,61929.6723975798
478,2015,medium variant,female,5Yearly,70,59561.2524209325
478,2015,medium variant,male,5Yearly,70,51706.5922146343
478,2015,medium variant,female,5Yearly,75,45926.2479038779
478,2015,medium variant,male,5Yearly,75,38142.3453989572
478,2015,medium variant,female,5Yearly,80,28923.015502913
478,2015,medium variant,male,5Yearly,80,22527.8359729726
478,2015,medium variant,female,5Yearly,85,12790.5447849927
478,2015,medium variant,male,5Yearly,85,9221.23635088213
478,2015,medium variant,female,5Yearly,90,3397.43235031863
478,2015,medium variant,male,5Yearly,90,2134.54946793624
478,2015,medium variant,female,5Yearly,95,467.116518246205
478,2015,medium variant,male,5Yearly,95,243.574172705356
478,2020,medium variant,female,5Yearly,0,100000
478,2020,medium variant,male,5Yearly,0,100000
478,2020,medium variant,female,5Yearly,1,94961.1859681672
478,2020,medium variant,male,5Yearly,1,93470.1974647688
478,2020,medium variant,female,5Yearly,5,93046.6587399364
478,2020,medium variant,male,5Yearly,5,91394.9733870205
478,2020,medium variant,female,5Yearly,10,92301.0543705125
478,2020,medium variant,male,5Yearly,10,90721.2053867529
478,2020,medium variant,female,5Yearly,15,91840.0265032316
478,2020,medium variant,male,5Yearly,15,90245.0071036376
478,2020,medium variant,female,5Yearly,20,91131.650872742
478,2020,medium variant,male,5Yearly,20,89539.170107285
478,2020,medium variant,female,5Yearly,25,90202.2726855435
478,2020,medium variant,male,5Yearly,25,88473.3466330268
478,2020,medium variant,female,5Yearly,30,89127.2904423667
478,2020,medium variant,male,5Yearly,30,87409.8882555955
478,2020,medium variant,female,5Yearly,35,87970.1335051909
478,2020,medium variant,male,5Yearly,35,86127.3306906423
478,2020,medium variant,female,5Yearly,40,86615.4877941098
478,2020,medium variant,male,5Yearly,40,84622.2226679858
478,2020,medium variant,female,5Yearly,45,84962.3405697461
478,2020,medium variant,male,5Yearly,45,82602.4947687724
478,2020,medium variant,female,5Yearly,50,82937.0994261604
478,2020,medium variant,male,5Yearly,50,79885.7833406132
478,2020,medium variant,female,5Yearly,55,80099.5572684753
478,2020,medium variant,male,5Yearly,55,75998.0000274362
478,2020,medium variant,female,5Yearly,60,76161.2216434125
478,2020,medium variant,male,5Yearly,60,70565.7824000596
478,2020,medium variant,female,5Yearly,65,70040.5515516474
478,2020,medium variant,male,5Yearly,65,62947.1427176573
478,2020,medium variant,female,5Yearly,70,60782.6160743285
478,2020,medium variant,male,5Yearly,70,52682.1332532885
478,2020,medium variant,female,5Yearly,75,47083.9369922453
478,2020,medium variant,male,5Yearly,75,39017.8523798203
478,2020,medium variant,female,5Yearly,80,29895.4927657143
478,2020,medium variant,male,5Yearly,80,23213.524998582
478,2020,medium variant,female,5Yearly,85,13413.0726389662
478,2020,medium variant,male,5Yearly,85,9623.86667990118
478,2020,medium variant,female,5Yearly,90,3643.23060150698
478,2020,medium variant,male,5Yearly,90,2274.55712399795
478,2020,medium variant,female,5Yearly,95,516.016954573462
478,2020,medium variant,male,5Yearly,95,266.521309705112
478,2025,medium variant,female,5Yearly,0,100000
478,2025,medium variant,male,5Yearly,0,100000
478,2025,medium variant,female,5Yearly,1,95351.9208416327
478,2025,medium variant,male,5Yearly,1,93874.2887830399
478,2025,medium variant,female,5Yearly,5,93576.9588086494
478,2025,medium variant,male,5Yearly,5,91901.7081170736
478,2025,medium variant,female,5Yearly,10,92885.1078834998
478,2025,medium variant,male,5Yearly,10,91251.5882735572
478,2025,medium variant,female,5Yearly,15,92456.8632017386
478,2025,medium variant,male,5Yearly,15,90793.5785599391
478,2025,medium variant,female,5Yearly,20,91801.227549894
478,2025,medium variant,male,5Yearly,20,90111.1784681271
478,2025,medium variant,female,5Yearly,25,90938.1305793761
478,2025,medium variant,male,5Yearly,25,89080.7085342116
478,2025,medium variant,female,5Yearly,30,89932.9153947998
478,2025,medium variant,male,5Yearly,30,88048.9297933885
478,2025,medium variant,female,5Yearly,35,88840.2826800037
478,2025,medium variant,male,5Yearly,35,86804.826587037
478,2025,medium variant,female,5Yearly,40,87548.6737290685
478,2025,medium variant,male,5Yearly,40,85340.3151609563
478,2025,medium variant,female,5Yearly,45,85951.8794078402
478,2025,medium variant,male,5Yearly,45,83368.3704728167
478,2025,medium variant,female,5Yearly,50,83977.6414792829
478,2025,medium variant,male,5Yearly,50,80703.6218095465
478,2025,medium variant,female,5Yearly,55,81186.9907342836
478,2025,medium variant,male,5Yearly,55,76862.5094019732
478,2025,medium variant,female,5Yearly,60,77292.4698491555
478,2025,medium variant,male,5Yearly,60,71476.5008823726
478,2025,medium variant,female,5Yearly,65,71210.0484677008
478,2025,medium variant,male,5Yearly,65,63876.3335970992
478,2025,medium variant,female,5Yearly,70,61962.3274822153
478,2025,medium variant,male,5Yearly,70,53584.9672468998
478,2025,medium variant,female,5Yearly,75,48221.6914800628
478,2025,medium variant,male,5Yearly,75,39844.0372284301
478,2025,medium variant,female,5Yearly,80,30870.9425879091
478,2025,medium variant,male,5Yearly,80,23876.8767121913
478,2025,medium variant,female,5Yearly,85,14052.3481679657
478,2025,medium variant,male,5Yearly,85,10024.8153114495
478,2025,medium variant,female,5Yearly,90,3902.55211989436
478,2025,medium variant,male,5Yearly,90,2418.56464794041
478,2025,medium variant,female,5Yearly,95,569.309170428935
478,2025,medium variant,male,5Yearly,95,290.96858477258
478,2030,medium variant,female,5Yearly,0,100000
478,2030,medium variant,male,5Yearly,0,100000
478,2030,medium variant,female,5Yearly,1,95672.3917965742
478,2030,medium variant,male,5Yearly,1,94231.8089339729
478,2030,medium variant,female,5Yearly,5,94014.3837824572
478,2030,medium variant,male,5Yearly,5,92353.8534562847
478,2030,medium variant,female,5Yearly,10,93367.23083941
478,2030,medium variant,male,5Yearly,10,91725.2664164668
478,2030,medium variant,female,5Yearly,15,92965.8135983118
478,2030,medium variant,male,5Yearly,15,91283.6954269294
478,2030,medium variant,female,5Yearly,20,92353.0453616434
478,2030,medium variant,male,5Yearly,20,90621.7793079789
478,2030,medium variant,female,5Yearly,25,91543.8486507438
478,2030,medium variant,male,5Yearly,25,89622.3807834119
478,2030,medium variant,female,5Yearly,30,90595.9557956646
478,2030,medium variant,male,5Yearly,30,88618.5543412973
478,2030,medium variant,female,5Yearly,35,89557.3157670082
478,2030,medium variant,male,5Yearly,35,87408.8941757074
478,2030,medium variant,female,5Yearly,40,88319.7142846976
478,2030,medium variant,male,5Yearly,40,85981.4611010991
478,2030,medium variant,female,5Yearly,45,86771.6823771857
478,2030,medium variant,male,5Yearly,45,84054.2031814385
478,2030,medium variant,female,5Yearly,50,84842.789310249
478,2030,medium variant,male,5Yearly,50,81439.5285671688
478,2030,medium variant,female,5Yearly,55,82094.9816428919
478,2030,medium variant,male,5Yearly,55,77644.8287335573
478,2030,medium variant,female,5Yearly,60,78243.8931110646
478,2030,medium variant,male,5Yearly,60,72308.4250987547
478,2030,medium variant,female,5Yearly,65,72204.5820933677
478,2030,medium variant,male,5Yearly,65,64734.4997719093
478,2030,medium variant,female,5Yearly,70,62980.9151664508
478,2030,medium variant,male,5Yearly,70,54429.6790337037
478,2030,medium variant,female,5Yearly,75,49226.9084326031
478,2030,medium variant,male,5Yearly,75,40631.5574569927
478,2030,medium variant,female,5Yearly,80,31758.8303153907
478,2030,medium variant,male,5Yearly,80,24523.958628078
478,2030,medium variant,female,5Yearly,85,14655.1419922598
478,2030,medium variant,male,5Yearly,85,10426.4512273974
478,2030,medium variant,female,5Yearly,90,4156.52771410206
478,2030,medium variant,male,5Yearly,90,2567.20139102594
478,2030,medium variant,female,5Yearly,95,623.716848314148
478,2030,medium variant,male,5Yearly,95,317.054562074816
478,2035,medium variant,female,5Yearly,0,100000
478,2035,medium variant,male,5Yearly,0,100000
478,2035,medium variant,female,5Yearly,1,96004.1823261066
478,2035,medium variant,male,5Yearly,1,94549.2054055246
478,2035,medium variant,female,5Yearly,5,94474.7891016527
478,2035,medium variant,male,5Yearly,5,92758.5019184887
478,2035,medium variant,female,5Yearly,10,93876.9269780145
478,2035,medium variant,male,5Yearly,10,92149.5060585214
478,2035,medium variant,female,5Yearly,15,93504.6513327179
478,2035,medium variant,male,5Yearly,15,91722.7894215612
478,2035,medium variant,female,5Yearly,20,92937.1743488302
478,2035,medium variant,male,5Yearly,20,91078.7147884978
478,2035,medium variant,female,5Yearly,25,92184.8220804671
478,2035,medium variant,male,5Yearly,25,90106.5457871501
478,2035,medium variant,female,5Yearly,30,91298.0317565099
478,2035,medium variant,male,5Yearly,30,89127.2927900195
478,2035,medium variant,female,5Yearly,35,90318.1544314783
478,2035,medium variant,male,5Yearly,35,87948.4130096549
478,2035,medium variant,female,5Yearly,40,89140.3807592191
478,2035,medium variant,male,5Yearly,40,86554.7745797739
478,2035,medium variant,female,5Yearly,45,87647.6529135538
478,2035,medium variant,male,5Yearly,45,84669.2049087334
478,2035,medium variant,female,5Yearly,50,85771.0816602264
478,2035,medium variant,male,5Yearly,50,82102.5813068543
478,2035,medium variant,female,5Yearly,55,83074.0166555355
478,2035,medium variant,male,5Yearly,55,78353.6449238397
478,2035,medium variant,female,5Yearly,60,79275.8072303884
478,2035,medium variant,male,5Yearly,60,73069.3747247448
478,2035,medium variant,female,5Yearly,65,73290.7053761853
478,2035,medium variant,male,5Yearly,65,65528.1665135697
478,2035,medium variant,female,5Yearly,70,64102.0161187017
478,2035,medium variant,male,5Yearly,70,55221.0966618005
478,2035,medium variant,female,5Yearly,75,50340.9792477293
478,2035,medium variant,male,5Yearly,75,41383.0924204117
478,2035,medium variant,female,5Yearly,80,32747.663289257
478,2035,medium variant,male,5Yearly,80,25155.4674668081
478,2035,medium variant,female,5Yearly,85,15329.8850752589
478,2035,medium variant,male,5Yearly,85,10828.5442689033
478,2035,medium variant,female,5Yearly,90,4443.73625649793
478,2035,medium variant,male,5Yearly,90,2720.35501968182
478,2035,medium variant,female,5Yearly,95,686.372809956715
478,2035,medium variant,male,5Yearly,95,344.814604560346
478,2040,medium variant,female,5Yearly,0,100000
478,2040,medium variant,male,5Yearly,0,100000
478,2040,medium variant,female,5Yearly,1,96317.8749764601
478,2040,medium variant,male,5Yearly,1,94984.2623004383
478,2040,medium variant,female,5Yearly,5,94915.0187229762
478,2040,medium variant,male,5Yearly,5,93310.8472539031
478,2040,medium variant,female,5Yearly,10,94365.6206910525
478,2040,medium variant,male,5Yearly,10,92727.2405682372
478,2040,medium variant,female,5Yearly,15,94021.6385031275
478,2040,medium variant,male,5Yearly,15,92315.9873235523
478,2040,medium variant,female,5Yearly,20,93497.3470636561
478,2040,medium variant,male,5Yearly,20,91686.1470931131
478,2040,medium variant,female,5Yearly,25,92799.1729239624
478,2040,medium variant,male,5Yearly,25,90732.0357081508
478,2040,medium variant,female,5Yearly,30,91971.2347993302
478,2040,medium variant,male,5Yearly,30,89766.7276037729
478,2040,medium variant,female,5Yearly,35,91049.06515326
478,2040,medium variant,male,5Yearly,35,88605.7510571534
478,2040,medium variant,female,5Yearly,40,89931.1979411095
478,2040,medium variant,male,5Yearly,40,87232.4578569178
478,2040,medium variant,female,5Yearly,45,88494.8885902472
478,2040,medium variant,male,5Yearly,45,85373.7467941192
478,2040,medium variant,female,5Yearly,50,86672.7730525037
478,2040,medium variant,male,5Yearly,50,82840.3133209743
478,2040,medium variant,female,5Yearly,55,84029.8195898199
478,2040,medium variant,male,5Yearly,55,79122.3097388863
478,2040,medium variant,female,5Yearly,60,80290.2460182839
478,2040,medium variant,male,5Yearly,60,73879.5966000043
478,2040,medium variant,female,5Yearly,65,74368.2243946471
478,2040,medium variant,male,5Yearly,65,66366.3241395409
478,2040,medium variant,female,5Yearly,70,65226.8663862919
478,2040,medium variant,male,5Yearly,70,56060.8172263886
478,2040,medium variant,female,5Yearly,75,51474.0997074695
478,2040,medium variant,male,5Yearly,75,42198.3723667567
478,2040,medium variant,female,5Yearly,80,33768.3284360767
478,2040,medium variant,male,5Yearly,80,25869.8715003953
478,2040,medium variant,female,5Yearly,85,16038.152347467
478,2040,medium variant,male,5Yearly,85,11311.4597742096
478,2040,medium variant,female,5Yearly,90,4751.55373474154
478,2040,medium variant,male,5Yearly,90,2917.70674063371
478,2040,medium variant,female,5Yearly,95,755.346680648889
478,2040,medium variant,male,5Yearly,95,383.289272467039
478,2045,medium variant,female,5Yearly,0,100000
478,2045,medium variant,male,5Yearly,0,100000
478,2045,medium variant,female,5Yearly,1,96597.5686749553
478,2045,medium variant,male,5Yearly,1,95342.467381261
478,2045,medium variant,female,5Yearly,5,95310.9675486765
478,2045,medium variant,male,5Yearly,5,93772.4320571881
478,2045,medium variant,female,5Yearly,10,94805.9767258556
478,2045,medium variant,male,5Yearly,10,93210.9783580548
478,2045,medium variant,female,5Yearly,15,94487.5947396712
478,2045,medium variant,male,5Yearly,15,92813.2055142163
478,2045,medium variant,female,5Yearly,20,94001.8512614121
478,2045,medium variant,male,5Yearly,20,92195.1188312919
478,2045,medium variant,female,5Yearly,25,93352.0255998122
478,2045,medium variant,male,5Yearly,25,91256.1975213172
478,2045,medium variant,female,5Yearly,30,92577.1391746361
478,2045,medium variant,male,5Yearly,30,90302.6947793242
478,2045,medium variant,female,5Yearly,35,91707.9531134651
478,2045,medium variant,male,5Yearly,35,89157.5366941889
478,2045,medium variant,female,5Yearly,40,90646.1961195052
478,2045,medium variant,male,5Yearly,40,87802.8188796553
478,2045,medium variant,female,5Yearly,45,89263.5056955335
478,2045,medium variant,male,5Yearly,45,85969.4900519282
478,2045,medium variant,female,5Yearly,50,87494.2089810547
478,2045,medium variant,male,5Yearly,50,83468.2719754959
478,2045,medium variant,female,5Yearly,55,84904.878762434
478,2045,medium variant,male,5Yearly,55,79781.1675965982
478,2045,medium variant,female,5Yearly,60,81225.942390933
478,2045,medium variant,male,5Yearly,60,74582.2497990545
478,2045,medium variant,female,5Yearly,65,75372.4720592946
478,2045,medium variant,male,5Yearly,65,67103.3691209419
478,2045,medium variant,female,5Yearly,70,66289.1920681634
478,2045,medium variant,male,5Yearly,70,56810.3347425066
478,2045,medium variant,female,5Yearly,75,52562.9366821635
478,2045,medium variant,male,5Yearly,75,42941.4130645191
478,2045,medium variant,female,5Yearly,80,34769.021265085
478,2045,medium variant,male,5Yearly,80,26536.7730113356
478,2045,medium variant,female,5Yearly,85,16748.8350416277
478,2045,medium variant,male,5Yearly,85,11774.2678678207
478,2045,medium variant,female,5Yearly,90,5068.73241632306
478,2045,medium variant,male,5Yearly,90,3112.75045491548
478,2045,medium variant,female,5Yearly,95,828.690068121179
478,2045,medium variant,male,5Yearly,95,422.779101393678
478,2050,medium variant,female,5Yearly,0,100000
478,2050,medium variant,male,5Yearly,0,100000
478,2050,medium variant,female,5Yearly,1,96839.973153648
478,2050,medium variant,male,5Yearly,1,95659.237314571
478,2050,medium variant,female,5Yearly,5,95653.6365167101
478,2050,medium variant,male,5Yearly,5,94185.4515166638
478,2050,medium variant,female,5Yearly,10,95185.5136521607
478,2050,medium variant,male,5Yearly,10,93645.0032973128
478,2050,medium variant,female,5Yearly,15,94887.4050125389
478,2050,medium variant,male,5Yearly,15,93260.0698589953
478,2050,medium variant,female,5Yearly,20,94431.6029532153
478,2050,medium variant,male,5Yearly,20,92652.9343467035
478,2050,medium variant,female,5Yearly,25,93819.7177407176
478,2050,medium variant,male,5Yearly,25,91728.4509672997
478,2050,medium variant,female,5Yearly,30,93087.8545967522
478,2050,medium variant,male,5Yearly,30,90786.4284155798
478,2050,medium variant,female,5Yearly,35,92263.4316178517
478,2050,medium variant,male,5Yearly,35,89656.9166073506
478,2050,medium variant,female,5Yearly,40,91251.0578687954
478,2050,medium variant,male,5Yearly,40,88320.9817755634
478,2050,medium variant,female,5Yearly,45,89917.2332827053
478,2050,medium variant,male,5Yearly,45,86513.7194382374
478,2050,medium variant,female,5Yearly,50,88199.1746250187
478,2050,medium variant,male,5Yearly,50,84046.0816532848
478,2050,medium variant,female,5Yearly,55,85667.4414266356
478,2050,medium variant,male,5Yearly,55,80392.0520792723
478,2050,medium variant,female,5Yearly,60,82063.7481092617
478,2050,medium variant,male,5Yearly,60,75240.8996323888
478,2050,medium variant,female,5Yearly,65,76313.4062872889
478,2050,medium variant,male,5Yearly,65,67802.6758653019
478,2050,medium variant,female,5Yearly,70,67351.8236495247
478,2050,medium variant,male,5Yearly,70,57530.6255568632
478,2050,medium variant,female,5Yearly,75,53744.9030396817
478,2050,medium variant,male,5Yearly,75,43666.7076883609
478,2050,medium variant,female,5Yearly,80,35945.2302835257
478,2050,medium variant,male,5Yearly,80,27198.2149803904
478,2050,medium variant,female,5Yearly,85,17638.8398986022
478,2050,medium variant,male,5Yearly,85,12241.4630718507
478,2050,medium variant,female,5Yearly,90,5484.21825540006
478,2050,medium variant,male,5Yearly,90,3314.25843287438
478,2050,medium variant,female,5Yearly,95,927.785917466227
478,2050,medium variant,male,5Yearly,95,464.896091622139
478,2055,medium variant,female,5Yearly,0,100000
478,2055,medium variant,male,5Yearly,0,100000
478,2055,medium variant,female,5Yearly,1,97070.1298173187
478,2055,medium variant,male,5Yearly,1,95976.5353896949
478,2055,medium variant,female,5Yearly,5,95982.4448774159
478,2055,medium variant,male,5Yearly,5,94604.8072075697
478,2055,medium variant,female,5Yearly,10,95550.7210791024
478,2055,medium variant,male,5Yearly,10,94088.1488378938
478,2055,medium variant,female,5Yearly,15,95272.5392839164
478,2055,medium variant,male,5Yearly,15,93717.7070364481
478,2055,medium variant,female,5Yearly,20,94845.9412567169
478,2055,medium variant,male,5Yearly,20,93123.5362593256
478,2055,medium variant,female,5Yearly,25,94271.118341758
478,2055,medium variant,male,5Yearly,25,92216.4284606883
478,2055,medium variant,female,5Yearly,30,93581.4899547553
478,2055,medium variant,male,5Yearly,30,91288.9248244457
478,2055,medium variant,female,5Yearly,35,92801.4063642136
478,2055,medium variant,male,5Yearly,35,90178.4612858294
478,2055,medium variant,female,5Yearly,40,91838.3591797093
478,2055,medium variant,male,5Yearly,40,88865.2100618508
478,2055,medium variant,female,5Yearly,45,90554.4228632257
478,2055,medium variant,male,5Yearly,45,87088.7855249955
478,2055,medium variant,female,5Yearly,50,88889.2321595505
478,2055,medium variant,male,5Yearly,50,84660.261220201
478,2055,medium variant,female,5Yearly,55,86418.0670792606
478,2055,medium variant,male,5Yearly,55,81045.3052548158
478,2055,medium variant,female,5Yearly,60,82893.9154131733
478,2055,medium variant,male,5Yearly,60,75948.816908179
478,2055,medium variant,female,5Yearly,65,77253.9371929677
478,2055,medium variant,male,5Yearly,65,68558.4450985175
478,2055,medium variant,female,5Yearly,70,68425.1662285297
478,2055,medium variant,male,5Yearly,70,58313.2824413247
478,2055,medium variant,female,5Yearly,75,54954.2249403739
478,2055,medium variant,male,5Yearly,75,44457.7453386028
478,2055,medium variant,female,5Yearly,80,37168.1930880108
478,2055,medium variant,male,5Yearly,80,27920.6074612858
478,2055,medium variant,female,5Yearly,85,18585.1863864164
478,2055,medium variant,male,5Yearly,85,12753.9805442411
478,2055,medium variant,female,5Yearly,90,5939.83066454888
478,2055,medium variant,male,5Yearly,90,3538.31081454282
478,2055,medium variant,female,5Yearly,95,1040.78584838787
478,2055,medium variant,male,5Yearly,95,512.954650531534
478,2060,medium variant,female,5Yearly,0,100000
478,2060,medium variant,male,5Yearly,0,100000
478,2060,medium variant,female,5Yearly,1,97272.0398727079
478,2060,medium variant,male,5Yearly,1,96245.4934923315
478,2060,medium variant,female,5Yearly,5,96273.5091391684
478,2060,medium variant,male,5Yearly,5,94964.11960417
478,2060,medium variant,female,5Yearly,10,95874.7531378998
478,2060,medium variant,male,5Yearly,10,94468.6366296038
478,2060,medium variant,female,5Yearly,15,95614.4593939301
478,2060,medium variant,male,5Yearly,15,94111.1905411301
478,2060,medium variant,female,5Yearly,20,95213.780450311
478,2060,medium variant,male,5Yearly,20,93528.1748663918
478,2060,medium variant,female,5Yearly,25,94671.7619239277
478,2060,medium variant,male,5Yearly,25,92636.3204337555
478,2060,medium variant,female,5Yearly,30,94019.7458090415
478,2060,medium variant,male,5Yearly,30,91721.7232924197
478,2060,medium variant,female,5Yearly,35,93279.6878527235
478,2060,medium variant,male,5Yearly,35,90628.7217562747
478,2060,medium variant,female,5Yearly,40,92361.8475646573
478,2060,medium variant,male,5Yearly,40,89336.8335427076
478,2060,medium variant,female,5Yearly,45,91124.0862106993
478,2060,medium variant,male,5Yearly,45,87590.1417675271
478,2060,medium variant,female,5Yearly,50,89508.4744523684
478,2060,medium variant,male,5Yearly,50,85200.1374373948
478,2060,medium variant,female,5Yearly,55,87094.7001987033
478,2060,medium variant,male,5Yearly,55,81624.4958875131
478,2060,medium variant,female,5Yearly,60,83647.4410771541
478,2060,medium variant,male,5Yearly,60,76584.727107656
478,2060,medium variant,female,5Yearly,65,78115.7071743966
478,2060,medium variant,male,5Yearly,65,69247.0768856648
478,2060,medium variant,female,5Yearly,70,69419.789121645
478,2060,medium variant,male,5Yearly,70,59037.0474226672
478,2060,medium variant,female,5Yearly,75,56091.3708378747
478,2060,medium variant,male,5Yearly,75,45202.9310055223
478,2060,medium variant,female,5Yearly,80,38339.4777234003
478,2060,medium variant,male,5Yearly,80,28614.5217769575
478,2060,medium variant,female,5Yearly,85,19514.2509796832
478,2060,medium variant,male,5Yearly,85,13256.72520007
478,2060,medium variant,female,5Yearly,90,6401.82699142456
478,2060,medium variant,male,5Yearly,90,3763.72277744353
478,2060,medium variant,female,5Yearly,95,1160.09553531302
478,2060,medium variant,male,5Yearly,95,562.882855686464
478,2065,medium variant,female,5Yearly,0,100000
478,2065,medium variant,male,5Yearly,0,100000
478,2065,medium variant,female,5Yearly,1,97477.5394201935
478,2065,medium variant,male,5Yearly,1,96492.1567370533
478,2065,medium variant,female,5Yearly,5,96571.7999425291
478,2065,medium variant,male,5Yearly,5,95297.3145318153
478,2065,medium variant,female,5Yearly,10,96207.7198543284
478,2065,medium variant,male,5Yearly,10,94822.7585715495
478,2065,medium variant,female,5Yearly,15,95966.4039624766
478,2065,medium variant,male,5Yearly,15,94478.1917542334
478,2065,medium variant,female,5Yearly,20,95592.9080021575
478,2065,medium variant,male,5Yearly,20,93906.2169762207
478,2065,medium variant,female,5Yearly,25,95085.2951475545
478,2065,medium variant,male,5Yearly,25,93029.7084370847
478,2065,medium variant,female,5Yearly,30,94472.9099345521
478,2065,medium variant,male,5Yearly,30,92128.4171637283
478,2065,medium variant,female,5Yearly,35,93775.4492617483
478,2065,medium variant,male,5Yearly,35,91053.4239810527
478,2065,medium variant,female,5Yearly,40,92906.1102149912
478,2065,medium variant,male,5Yearly,40,89783.771715733
478,2065,medium variant,female,5Yearly,45,91718.8842118111
478,2065,medium variant,male,5Yearly,45,88068.1223532182
478,2065,medium variant,female,5Yearly,50,90157.9662298672
478,2065,medium variant,male,5Yearly,50,85718.4904538426
478,2065,medium variant,female,5Yearly,55,87808.2009124533
478,2065,medium variant,male,5Yearly,55,82184.6343769147
478,2065,medium variant,female,5Yearly,60,84446.5510662601
478,2065,medium variant,male,5Yearly,60,77205.2959359452
478,2065,medium variant,female,5Yearly,65,79035.1369031037
478,2065,medium variant,male,5Yearly,65,69925.6681718037
478,2065,medium variant,female,5Yearly,70,70487.692458349
478,2065,medium variant,male,5Yearly,70,59757.3113428752
478,2065,medium variant,female,5Yearly,75,57319.6018864451
478,2065,medium variant,male,5Yearly,75,45952.6257275108
478,2065,medium variant,female,5Yearly,80,39613.8264199499
478,2065,medium variant,male,5Yearly,80,29319.9244619265
478,2065,medium variant,female,5Yearly,85,20537.8645323314
478,2065,medium variant,male,5Yearly,85,13774.3047696619
478,2065,medium variant,female,5Yearly,90,6921.7634924312
478,2065,medium variant,male,5Yearly,90,4000.20048368252
478,2065,medium variant,female,5Yearly,95,1298.46767261679
478,2065,medium variant,male,5Yearly,95,616.724502008673
478,2070,medium variant,female,5Yearly,0,100000
478,2070,medium variant,male,5Yearly,0,100000
478,2070,medium variant,female,5Yearly,1,97669.7623106919
478,2070,medium variant,male,5Yearly,1,96735.4666103716
478,2070,medium variant,female,5Yearly,5,96851.6371964742
478,2070,medium variant,male,5Yearly,5,95630.8073750448
478,2070,medium variant,female,5Yearly,10,96520.502897256
478,2070,medium variant,male,5Yearly,10,95179.1728298154
478,2070,medium variant,female,5Yearly,15,96297.3412631058
478,2070,medium variant,male,5Yearly,15,94848.218552073
478,2070,medium variant,female,5Yearly,20,95949.73552556
478,2070,medium variant,male,5Yearly,20,94289.5351713771
478,2070,medium variant,female,5Yearly,25,95474.9355243262
478,2070,medium variant,male,5Yearly,25,93431.8020536997
478,2070,medium variant,female,5Yearly,30,94900.5537025739
478,2070,medium variant,male,5Yearly,30,92547.5058642229
478,2070,medium variant,female,5Yearly,35,94244.3689296231
478,2070,medium variant,male,5Yearly,35,91494.5179913171
478,2070,medium variant,female,5Yearly,40,93422.5656832322
478,2070,medium variant,male,5Yearly,40,90250.8083983711
478,2070,medium variant,female,5Yearly,45,92285.8077748572
478,2070,medium variant,male,5Yearly,45,88570.2371959602
478,2070,medium variant,female,5Yearly,50,90780.2470520906
478,2070,medium variant,male,5Yearly,50,86263.4733581805
478,2070,medium variant,female,5Yearly,55,88496.2623621628
478,2070,medium variant,male,5Yearly,55,82775.2255345169
478,2070,medium variant,female,5Yearly,60,85223.5179286981
478,2070,medium variant,male,5Yearly,60,77861.2266584804
478,2070,medium variant,female,5Yearly,65,79938.2496264955
478,2070,medium variant,male,5Yearly,65,70645.1478550219
478,2070,medium variant,female,5Yearly,70,71548.9410785667
478,2070,medium variant,male,5Yearly,70,60524.801275544
478,2070,medium variant,female,5Yearly,75,58556.6211232886
478,2070,medium variant,male,5Yearly,75,46754.5911605508
478,2070,medium variant,female,5Yearly,80,40917.9179578445
478,2070,medium variant,male,5Yearly,80,30077.3399954383
478,2070,medium variant,female,5Yearly,85,21608.3080898137
478,2070,medium variant,male,5Yearly,85,14334.1561079744
478,2070,medium variant,female,5Yearly,90,7481.86015588823
478,2070,medium variant,male,5Yearly,90,4260.04679677214
478,2070,medium variant,female,5Yearly,95,1453.31367668873
478,2070,medium variant,male,5Yearly,95,677.468411453084
478,2075,medium variant,female,5Yearly,0,100000
478,2075,medium variant,male,5Yearly,0,100000
478,2075,medium variant,female,5Yearly,1,97830.9718343988
478,2075,medium variant,male,5Yearly,1,96936.1070726536
478,2075,medium variant,female,5Yearly,5,97078.5943476748
478,2075,medium variant,male,5Yearly,5,95909.0459262465
478,2075,medium variant,female,5Yearly,10,96772.0352296431
478,2075,medium variant,male,5Yearly,10,95477.1009834326
478,2075,medium variant,female,5Yearly,15,96563.0871912606
478,2075,medium variant,male,5Yearly,15,95157.8350271602
478,2075,medium variant,female,5Yearly,20,96236.9695198678
478,2075,medium variant,male,5Yearly,20,94610.1972858797
478,2075,medium variant,female,5Yearly,25,95790.0902310403
478,2075,medium variant,male,5Yearly,25,93768.4597174977
478,2075,medium variant,female,5Yearly,30,95248.2617478576
478,2075,medium variant,male,5Yearly,30,92898.8615526333
478,2075,medium variant,female,5Yearly,35,94627.3959365014
478,2075,medium variant,male,5Yearly,35,91865.4827780184
478,2075,medium variant,female,5Yearly,40,93846.7570197684
478,2075,medium variant,male,5Yearly,40,90645.3331666301
478,2075,medium variant,female,5Yearly,45,92756.149383081
478,2075,medium variant,male,5Yearly,45,88997.3179947859
478,2075,medium variant,female,5Yearly,50,91303.4096660828
478,2075,medium variant,male,5Yearly,50,86730.8474284994
478,2075,medium variant,female,5Yearly,55,89086.1186298179
478,2075,medium variant,male,5Yearly,55,83286.3240625837
478,2075,medium variant,female,5Yearly,60,85906.414903662
478,2075,medium variant,male,5Yearly,60,78437.1599674856
478,2075,medium variant,female,5Yearly,65,80758.7520073816
478,2075,medium variant,male,5Yearly,65,71286.7343131327
478,2075,medium variant,female,5Yearly,70,72550.8023115318
478,2075,medium variant,male,5Yearly,70,61220.3109531901
478,2075,medium variant,female,5Yearly,75,59775.2776986187
478,2075,medium variant,male,5Yearly,75,47495.8331119483
478,2075,medium variant,female,5Yearly,80,42262.5090126026
478,2075,medium variant,male,5Yearly,80,30792.0526382504
478,2075,medium variant,female,5Yearly,85,22768.4928251711
478,2075,medium variant,male,5Yearly,85,14874.1107381925
478,2075,medium variant,female,5Yearly,90,8124.2739916194
478,2075,medium variant,male,5Yearly,90,4517.08759346153
478,2075,medium variant,female,5Yearly,95,1642.69760934452
478,2075,medium variant,male,5Yearly,95,739.433554995818
478,2080,medium variant,female,5Yearly,0,100000
478,2080,medium variant,male,5Yearly,0,100000
478,2080,medium variant,female,5Yearly,1,97982.4621583039
478,2080,medium variant,male,5Yearly,1,97124.2789787936
478,2080,medium variant,female,5Yearly,5,97292.0083994776
478,2080,medium variant,male,5Yearly,5,96172.5756901174
478,2080,medium variant,female,5Yearly,10,97008.7211571962
478,2080,medium variant,male,5Yearly,10,95760.4859992497
478,2080,medium variant,female,5Yearly,15,96813.344687632
478,2080,medium variant,male,5Yearly,15,95452.9929504463
478,2080,medium variant,female,5Yearly,20,96507.7274696785
478,2080,medium variant,male,5Yearly,20,94916.75215868
478,2080,medium variant,female,5Yearly,25,96087.5596122089
478,2080,medium variant,male,5Yearly,25,94091.7192067847
478,2080,medium variant,female,5Yearly,30,95577.0201326142
478,2080,medium variant,male,5Yearly,30,93237.7985314745
478,2080,medium variant,female,5Yearly,35,94990.3736362265
478,2080,medium variant,male,5Yearly,35,92225.1438686943
478,2080,medium variant,female,5Yearly,40,94249.9871128326
478,2080,medium variant,male,5Yearly,40,91029.8484606674
478,2080,medium variant,female,5Yearly,45,93205.3802468587
478,2080,medium variant,male,5Yearly,45,89416.0310452498
478,2080,medium variant,female,5Yearly,50,91805.9616938718
478,2080,medium variant,male,5Yearly,50,87191.6262590023
478,2080,medium variant,female,5Yearly,55,89657.0296914942
478,2080,medium variant,male,5Yearly,55,83793.2694900317
478,2080,medium variant,female,5Yearly,60,86573.4052188478
478,2080,medium variant,male,5Yearly,60,79012.3719263107
478,2080,medium variant,female,5Yearly,65,81569.004270198
478,2080,medium variant,male,5Yearly,65,71932.306523771
478,2080,medium variant,female,5Yearly,70,73552.4138821238
478,2080,medium variant,male,5Yearly,70,61925.576273862
478,2080,medium variant,female,5Yearly,75,61010.5041190088
478,2080,medium variant,male,5Yearly,75,48253.4168990482
478,2080,medium variant,female,5Yearly,80,43648.3517739341
478,2080,medium variant,male,5Yearly,80,31527.9483727683
478,2080,medium variant,female,5Yearly,85,23992.6440101767
478,2080,medium variant,male,5Yearly,85,15435.6956355122
478,2080,medium variant,female,5Yearly,90,8825.03873556569
478,2080,medium variant,male,5Yearly,90,4788.84378266755
478,2080,medium variant,female,5Yearly,95,1858.57267641443
478,2080,medium variant,male,5Yearly,95,806.583625411511
478,2085,medium variant,female,5Yearly,0,100000
478,2085,medium variant,male,5Yearly,0,100000
478,2085,medium variant,female,5Yearly,1,98121.1225809805
478,2085,medium variant,male,5Yearly,1,97330.0075646743
478,2085,medium variant,female,5Yearly,5,97487.5307002544
478,2085,medium variant,male,5Yearly,5,96462.2540354734
478,2085,medium variant,female,5Yearly,10,97225.6999664204
478,2085,medium variant,male,5Yearly,10,96074.1402235249
478,2085,medium variant,female,5Yearly,15,97042.901646237
478,2085,medium variant,male,5Yearly,15,95780.8675508788
478,2085,medium variant,female,5Yearly,20,96756.2673933905
478,2085,medium variant,male,5Yearly,20,95259.7166503192
478,2085,medium variant,female,5Yearly,25,96360.8876072436
478,2085,medium variant,male,5Yearly,25,94456.6969441665
478,2085,medium variant,female,5Yearly,30,95879.5276156801
478,2085,medium variant,male,5Yearly,30,93623.8832005351
478,2085,medium variant,female,5Yearly,35,95325.0706105849
478,2085,medium variant,male,5Yearly,35,92637.8556419724
478,2085,medium variant,female,5Yearly,40,94622.9448488624
478,2085,medium variant,male,5Yearly,40,91473.7256267334
478,2085,medium variant,female,5Yearly,45,93622.830515351
478,2085,medium variant,male,5Yearly,45,89901.498431861
478,2085,medium variant,female,5Yearly,50,92275.6756206445
478,2085,medium variant,male,5Yearly,50,87726.8937008072
478,2085,medium variant,female,5Yearly,55,90194.7452069923
478,2085,medium variant,male,5Yearly,55,84383.5136382911
478,2085,medium variant,female,5Yearly,60,87207.6561770382
478,2085,medium variant,male,5Yearly,60,79680.7222755383
478,2085,medium variant,female,5Yearly,65,82348.5869303284
478,2085,medium variant,male,5Yearly,65,72681.095580822
478,2085,medium variant,female,5Yearly,70,74528.8501520378
478,2085,medium variant,male,5Yearly,70,62742.4758374702
478,2085,medium variant,female,5Yearly,75,62232.7574250668
478,2085,medium variant,male,5Yearly,75,49126.8465879764
478,2085,medium variant,female,5Yearly,80,45044.6340302259
478,2085,medium variant,male,5Yearly,80,32371.1496110028
478,2085,medium variant,female,5Yearly,85,25257.1213074836
478,2085,medium variant,male,5Yearly,85,16078.1163457877
478,2085,medium variant,female,5Yearly,90,9574.40969195182
478,2085,medium variant,male,5Yearly,90,5102.20718043815
478,2085,medium variant,female,5Yearly,95,2100.1605551771
478,2085,medium variant,male,5Yearly,95,885.550925975803
478,2090,medium variant,female,5Yearly,0,100000
478,2090,medium variant,male,5Yearly,0,100000
478,2090,medium variant,female,5Yearly,1,98268.5329642575
478,2090,medium variant,male,5Yearly,1,97526.6111754483
478,2090,medium variant,female,5Yearly,5,97694.6818333634
478,2090,medium variant,male,5Yearly,5,96740.8683125185
478,2090,medium variant,female,5Yearly,10,97455.6961277959
478,2090,medium variant,male,5Yearly,10,96377.2767565354
478,2090,medium variant,female,5Yearly,15,97286.6297691604
478,2090,medium variant,male,5Yearly,15,96098.6177622116
478,2090,medium variant,female,5Yearly,20,97020.7391756667
478,2090,medium variant,male,5Yearly,20,95593.5006867264
478,2090,medium variant,female,5Yearly,25,96652.6030392545
478,2090,medium variant,male,5Yearly,25,94814.0629269713
478,2090,medium variant,female,5Yearly,30,96203.391790704
478,2090,medium variant,male,5Yearly,30,94004.2271854552
478,2090,medium variant,female,5Yearly,35,95684.4997412022
478,2090,medium variant,male,5Yearly,35,93046.8952110397
478,2090,medium variant,female,5Yearly,40,95024.7160103172
478,2090,medium variant,male,5Yearly,40,91916.2531094682
478,2090,medium variant,female,5Yearly,45,94075.0058512121
478,2090,medium variant,male,5Yearly,45,90388.4828118775
478,2090,medium variant,female,5Yearly,50,92787.4691680618
478,2090,medium variant,male,5Yearly,50,88266.8340223654
478,2090,medium variant,female,5Yearly,55,90785.1160236544
478,2090,medium variant,male,5Yearly,55,84982.6059401749
478,2090,medium variant,female,5Yearly,60,87908.7276777432
478,2090,medium variant,male,5Yearly,60,80363.3629735581
478,2090,medium variant,female,5Yearly,65,83216.144228327
478,2090,medium variant,male,5Yearly,65,73451.196224888
478,2090,medium variant,female,5Yearly,70,75623.4891055898
478,2090,medium variant,male,5Yearly,70,63588.7991661293
478,2090,medium variant,female,5Yearly,75,63612.5135697955
478,2090,medium variant,male,5Yearly,75,50038.2562999877
478,2090,medium variant,female,5Yearly,80,46635.7965478123
478,2090,medium variant,male,5Yearly,80,33257.0007573785
478,2090,medium variant,female,5Yearly,85,26722.1522394844
478,2090,medium variant,male,5Yearly,85,16759.6614705888
478,2090,medium variant,female,5Yearly,90,10467.314640058
478,2090,medium variant,male,5Yearly,90,5440.15877510498
478,2090,medium variant,female,5Yearly,95,2399.79338657445
478,2090,medium variant,male,5Yearly,95,972.858951093827
478,2095,medium variant,female,5Yearly,0,100000
478,2095,medium variant,male,5Yearly,0,100000
478,2095,medium variant,female,5Yearly,1,98376.9923948663
478,2095,medium variant,male,5Yearly,1,97657.3012622662
478,2095,medium variant,female,5Yearly,5,97839.9455929448
478,2095,medium variant,male,5Yearly,5,96930.9337588513
478,2095,medium variant,female,5Yearly,10,97613.1039572425
478,2095,medium variant,male,5Yearly,10,96584.5587512812
478,2095,medium variant,female,5Yearly,15,97450.0421636614
478,2095,medium variant,male,5Yearly,15,96316.2402357398
478,2095,medium variant,female,5Yearly,20,97192.2267617708
478,2095,medium variant,male,5Yearly,20,95820.6969126719
478,2095,medium variant,female,5Yearly,25,96833.5576222898
478,2095,medium variant,male,5Yearly,25,95055.5092101793
478,2095,medium variant,female,5Yearly,30,96395.7077211773
478,2095,medium variant,male,5Yearly,30,94259.482469498
478,2095,medium variant,female,5Yearly,35,95891.0868805452
478,2095,medium variant,male,5Yearly,35,93321.0602846078
478,2095,medium variant,female,5Yearly,40,95251.9817882054
478,2095,medium variant,male,5Yearly,40,92215.6138261834
478,2095,medium variant,female,5Yearly,45,94331.2329854551
478,2095,medium variant,male,5Yearly,45,90727.6612278421
478,2095,medium variant,female,5Yearly,50,93085.8822702392
478,2095,medium variant,male,5Yearly,50,88663.6543445198
478,2095,medium variant,female,5Yearly,55,91149.8826429985
478,2095,medium variant,male,5Yearly,55,85460.1316321946
478,2095,medium variant,female,5Yearly,60,88380.4519743483
478,2095,medium variant,male,5Yearly,60,80969.4441888508
478,2095,medium variant,female,5Yearly,65,83866.0185026498
478,2095,medium variant,male,5Yearly,65,74223.3531399082
478,2095,medium variant,female,5Yearly,70,76539.4071121761
478,2095,medium variant,male,5Yearly,70,64545.7018195307
478,2095,medium variant,female,5Yearly,75,64895.328726004
478,2095,medium variant,male,5Yearly,75,51176.059911328
478,2095,medium variant,female,5Yearly,80,48259.000050948
478,2095,medium variant,male,5Yearly,80,34435.4896374355
478,2095,medium variant,female,5Yearly,85,28347.8608618432
478,2095,medium variant,male,5Yearly,85,17690.427644338
478,2095,medium variant,female,5Yearly,90,11542.2716263565
478,2095,medium variant,male,5Yearly,90,5902.84721458463
478,2095,medium variant,female,5Yearly,95,2792.12847776827
478,2095,medium variant,male,5Yearly,95,1091.66045121255
