country,variant,gender,year,population
728,estimates,female,1950,1265.659
728,estimates,male,1950,1317.273
728,estimates,female,1951,1277.633
728,estimates,male,1951,1324.02
728,estimates,female,1952,1291.786
728,estimates,male,1952,1333.347
728,estimates,female,1953,1308.001
728,estimates,male,1953,1345.095
728,estimates,female,1954,1326.164
728,estimates,male,1954,1359.148
728,estimates,female,1955,1346.184
728,estimates,male,1955,1375.362
728,estimates,female,1956,1367.946
728,estimates,male,1956,1393.595
728,estimates,female,1957,1391.377
728,estimates,male,1957,1413.73
728,estimates,female,1958,1416.374
728,estimates,male,1958,1435.634
728,estimates,female,1959,1442.884
728,estimates,male,1959,1459.203
728,estimates,female,1960,1470.821
728,estimates,male,1960,1484.326
728,estimates,female,1961,1500.165
728,estimates,male,1961,1510.956
728,estimates,female,1962,1530.883
728,estimates,male,1962,1539.028
728,estimates,female,1963,1562.972
728,estimates,male,1963,1568.581
728,estimates,female,1964,1596.473
728,estimates,male,1964,1599.635
728,estimates,female,1965,1631.402
728,estimates,male,1965,1632.23
728,estimates,female,1966,1667.796
728,estimates,male,1966,1666.399
728,estimates,female,1967,1705.676
728,estimates,male,1967,1702.128
728,estimates,female,1968,1745.063
728,estimates,male,1968,1739.457
728,estimates,female,1969,1786.018
728,estimates,male,1969,1778.443
728,estimates,female,1970,1828.592
728,estimates,male,1970,1819.112
728,estimates,female,1971,1872.855
728,estimates,male,1971,1861.555
728,estimates,female,1972,1918.901
728,estimates,male,1972,1905.857
728,estimates,female,1973,1966.836
728,estimates,male,1973,1952.093
728,estimates,female,1974,2016.727
728,estimates,male,1974,2000.349
728,estimates,female,1975,2068.709
728,estimates,male,1975,2050.731
728,estimates,female,1976,2122.027
728,estimates,male,1976,2102.505
728,estimates,female,1977,2176.65
728,estimates,male,1977,2155.634
728,estimates,female,1978,2234.159
728,estimates,male,1978,2211.672
728,estimates,female,1979,2296.701
728,estimates,male,1979,2272.723
728,estimates,female,1980,2365.359
728,estimates,male,1980,2339.866
728,estimates,female,1981,2440.487
728,estimates,male,1981,2413.44
728,estimates,female,1982,2520.165
728,estimates,male,1982,2491.566
728,estimates,female,1983,2600.327
728,estimates,male,1983,2570.224
728,estimates,female,1984,2675.523
728,estimates,male,1984,2644.09
728,estimates,female,1985,2741.474
728,estimates,male,1985,2708.947
728,estimates,female,1986,2799.468
728,estimates,male,1986,2766.077
728,estimates,female,1987,2850.051
728,estimates,male,1987,2816.025
728,estimates,female,1988,2887.796
728,estimates,male,1988,2853.434
728,estimates,female,1989,2905.916
728,estimates,male,1989,2871.576
728,estimates,female,1990,2901.198
728,estimates,male,1990,2867.288
728,estimates,female,1991,2869.193
728,estimates,male,1991,2836.196
728,estimates,female,1992,2815.744
728,estimates,male,1992,2784.06
728,estimates,female,1993,2760.546
728,estimates,male,1993,2730.371
728,estimates,female,1994,2730.255
728,estimates,male,1994,2701.486
728,estimates,female,1995,2743.601
728,estimates,male,1995,2715.916
728,estimates,female,1996,2809.046
728,estimates,male,1996,2782.062
728,estimates,female,1997,2920.3
728,estimates,male,1997,2893.701
728,estimates,female,1998,3063.146
728,estimates,male,1998,3036.787
728,estimates,female,1999,3215.928
728,estimates,male,1999,3189.929
728,estimates,female,2000,3362.998
728,estimates,male,2000,3337.668
728,estimates,female,2001,3499.372
728,estimates,male,2001,3475.062
728,estimates,female,2002,3630.123
728,estimates,male,2002,3607.151
728,estimates,female,2003,3761.481
728,estimates,male,2003,3740.152
728,estimates,female,2004,3903.54
728,estimates,male,2004,3884.111
728,estimates,female,2005,4063.072
728,estimates,male,2005,4045.798
728,estimates,female,2006,4241.527
728,estimates,male,2006,4226.625
728,estimates,female,2007,4434.537
728,estimates,male,2007,4422.263
728,estimates,female,2008,4636.261
728,estimates,male,2008,4626.882
728,estimates,female,2009,4838.428
728,estimates,male,2009,4832.247
728,estimates,female,2010,5034.945
728,estimates,male,2010,5032.251
728,estimates,female,2011,5223.873
728,estimates,male,2011,5224.983
728,estimates,female,2012,5406.54
728,estimates,male,2012,5411.719
728,estimates,female,2013,5584.023
728,estimates,male,2013,5593.46
728,estimates,female,2014,5758.619
728,estimates,male,2014,5772.355
728,constant_fertility,female,2015,5932.058
728,constant_fertility,male,2015,5950.069
728,constant_mortality,female,2015,5932.058
728,constant_mortality,male,2015,5950.069
728,estimates,female,2015,5932.058
728,estimates,male,2015,5950.069
728,high_variant,female,2015,5932.058
728,high_variant,male,2015,5950.069
728,instant_replacement,female,2015,5932.058
728,instant_replacement,male,2015,5950.069
728,low_variant,female,2015,5932.058
728,low_variant,male,2015,5950.069
728,medium_variant,female,2015,5932.058
728,medium_variant,male,2015,5950.069
728,momentum,female,2015,5932.058
728,momentum,male,2015,5950.069
728,no_change,female,2015,5932.058
728,no_change,male,2015,5950.069
728,zero_migration,female,2015,5932.058
728,zero_migration,male,2015,5950.069
728,constant_fertility,female,2016,6109.689
728,constant_fertility,male,2016,6132.086
728,constant_mortality,female,2016,6095.938
728,constant_mortality,male,2016,6118.217
728,high_variant,female,2016,6106.795
728,high_variant,male,2016,6129.105
728,instant_replacement,female,2016,6040.436
728,instant_replacement,male,2016,6060.814
728,low_variant,female,2016,6094.644
728,low_variant,male,2016,6116.567
728,medium_variant,female,2016,6104.263
728,medium_variant,male,2016,6126.467
728,momentum,female,2016,6027.616
728,momentum,male,2016,6048.055
728,no_change,female,2016,6104.901
728,no_change,male,2016,6127.46
728,zero_migration,female,2016,6080.33
728,zero_migration,male,2016,6102.369
728,constant_fertility,female,2017,6292.142
728,constant_fertility,male,2017,6319.019
728,constant_mortality,female,2017,6259.021
728,constant_mortality,male,2017,6285.592
728,high_variant,female,2017,6285.303
728,high_variant,male,2017,6311.958
728,instant_replacement,female,2017,6120.466
728,instant_replacement,male,2017,6142.387
728,low_variant,female,2017,6255.569
728,low_variant,male,2017,6281.338
728,medium_variant,female,2017,6274.697
728,medium_variant,male,2017,6301.019
728,momentum,female,2017,6089.583
728,momentum,male,2017,6111.651
728,no_change,female,2017,6280.578
728,no_change,male,2017,6307.822
728,zero_migration,female,2017,6232.011
728,zero_migration,male,2017,6258.053
728,constant_fertility,female,2018,6479.388
728,constant_fertility,male,2018,6510.823
728,constant_mortality,female,2018,6421.281
728,constant_mortality,male,2018,6452.168
728,high_variant,female,2018,6467.115
728,high_variant,male,2018,6498.186
728,instant_replacement,female,2018,6181.728
728,instant_replacement,male,2018,6204.639
728,low_variant,female,2018,6415.219
728,low_variant,male,2018,6444.793
728,medium_variant,female,2018,6444.329
728,medium_variant,male,2018,6474.72
728,momentum,female,2018,6129.757
728,momentum,male,2018,6152.936
728,no_change,female,2018,6459.061
728,no_change,male,2018,6491.106
728,zero_migration,female,2018,6386.927
728,zero_migration,male,2018,6416.989
728,constant_fertility,female,2019,6671.465
728,constant_fertility,male,2019,6707.544
728,constant_mortality,female,2019,6582.727
728,constant_mortality,male,2019,6617.945
728,high_variant,female,2019,6651.945
728,high_variant,male,2019,6687.475
728,instant_replacement,female,2019,6238.043
728,instant_replacement,male,2019,6261.828
728,low_variant,female,2019,6573.919
728,low_variant,male,2019,6607.233
728,medium_variant,female,2019,6614.373
728,medium_variant,male,2019,6648.813
728,momentum,female,2019,6165.176
728,momentum,male,2019,6189.384
728,no_change,female,2019,6640.351
728,no_change,male,2019,6677.322
728,zero_migration,female,2019,6544.96
728,zero_migration,male,2019,6579.017
728,constant_fertility,female,2020,6868.46
728,constant_fertility,male,2020,6909.275
728,constant_mortality,female,2020,6743.365
728,constant_mortality,male,2020,6782.918
728,high_variant,female,2020,6839.602
728,high_variant,male,2020,6879.613
728,instant_replacement,female,2020,6299.734
728,instant_replacement,male,2020,6324.592
728,low_variant,female,2020,6731.894
728,low_variant,male,2020,6768.895
728,medium_variant,female,2020,6785.749
728,medium_variant,male,2020,6824.253
728,momentum,female,2020,6208.497
728,momentum,male,2020,6233.952
728,no_change,female,2020,6824.523
728,no_change,male,2020,6866.526
728,zero_migration,female,2020,6705.978
728,zero_migration,male,2020,6744.029
728,constant_fertility,female,2021,7070.556
728,constant_fertility,male,2021,7116.186
728,constant_mortality,female,2021,6903.234
728,constant_mortality,male,2021,6947.111
728,high_variant,female,2021,7030.054
728,high_variant,male,2021,7074.569
728,instant_replacement,female,2021,6370.017
728,instant_replacement,male,2021,6396.221
728,low_variant,female,2021,6889.308
728,low_variant,male,2021,6929.938
728,medium_variant,female,2021,6958.927
728,medium_variant,male,2021,7001.502
728,momentum,female,2021,6263.659
728,momentum,male,2021,6290.68
728,no_change,female,2021,7011.685
728,no_change,male,2021,7058.814
728,zero_migration,female,2021,6869.867
728,zero_migration,male,2021,6911.896
728,constant_fertility,female,2022,7277.97
728,constant_fertility,male,2022,7328.511
728,constant_mortality,female,2022,7062.369
728,constant_mortality,male,2022,7110.581
728,high_variant,female,2022,7223.377
728,high_variant,male,2022,7272.417
728,instant_replacement,female,2022,6446.862
728,instant_replacement,male,2022,6474.6
728,low_variant,female,2022,7046.243
728,low_variant,male,2022,7090.431
728,medium_variant,female,2022,7133.922
728,medium_variant,male,2022,7180.537
728,momentum,female,2022,6328.028
728,momentum,male,2022,6356.817
728,no_change,female,2022,7201.964
728,no_change,male,2022,7254.342
728,zero_migration,female,2022,7036.532
728,zero_migration,male,2022,7082.504
728,constant_fertility,female,2023,7490.994
728,constant_fertility,male,2023,7546.53
728,constant_mortality,female,2023,7220.844
728,constant_mortality,male,2023,7273.361
728,high_variant,female,2023,7419.777
728,high_variant,male,2023,7473.358
728,instant_replacement,female,2023,6528.992
728,instant_replacement,male,2023,6558.371
728,low_variant,female,2023,7202.708
728,low_variant,male,2023,7250.382
728,medium_variant,female,2023,7310.674
728,medium_variant,male,2023,7361.298
728,momentum,female,2023,6399.614
728,momentum,male,2023,6430.345
728,no_change,female,2023,7395.581
728,no_change,male,2023,7453.286
728,zero_migration,female,2023,7205.86
728,zero_migration,male,2023,7255.755
728,constant_fertility,female,2024,7709.964
728,constant_fertility,male,2024,7770.581
728,constant_mortality,female,2024,7378.716
728,constant_mortality,male,2024,7435.517
728,high_variant,female,2024,7619.496
728,high_variant,male,2024,7677.649
728,instant_replacement,female,2024,6613.358
728,instant_replacement,male,2024,6644.378
728,low_variant,female,2024,7358.679
728,low_variant,male,2024,7409.745
728,medium_variant,female,2024,7488.918
728,medium_variant,male,2024,7543.521
728,momentum,female,2024,6474.163
728,momentum,male,2024,6506.923
728,no_change,female,2024,7592.744
728,no_change,male,2024,7655.872
728,zero_migration,female,2024,7377.775
728,zero_migration,male,2024,7431.572
728,constant_fertility,female,2025,7935.205
728,constant_fertility,male,2025,8000.988
728,constant_mortality,female,2025,7536.059
728,constant_mortality,male,2025,7597.095
728,high_variant,female,2025,7822.801
728,high_variant,male,2025,7885.52
728,instant_replacement,female,2025,6697.783
728,instant_replacement,male,2025,6730.35
728,low_variant,female,2025,7514.129
728,low_variant,male,2025,7568.498
728,medium_variant,female,2025,7668.466
728,medium_variant,male,2025,7727.01
728,momentum,female,2025,6548.615
728,momentum,male,2025,6583.358
728,no_change,female,2025,7793.669
728,no_change,male,2025,7862.321
728,zero_migration,female,2025,7552.198
728,zero_migration,male,2025,7609.842
728,constant_fertility,female,2026,8166.995
728,constant_fertility,male,2026,8238.018
728,constant_mortality,female,2026,7692.862
728,constant_mortality,male,2026,7758.128
728,high_variant,female,2026,8029.762
728,high_variant,male,2026,8097.035
728,instant_replacement,female,2026,6782.612
728,instant_replacement,male,2026,6816.6
728,low_variant,female,2026,7669.132
728,low_variant,male,2026,7726.67
728,medium_variant,female,2026,7849.45
728,medium_variant,male,2026,7911.852
728,momentum,female,2026,6623.153
728,momentum,male,2026,6659.876
728,no_change,female,2026,7998.52
728,no_change,male,2026,8072.774
728,zero_migration,female,2026,7729.044
728,zero_migration,male,2026,7790.483
728,constant_fertility,female,2027,8405.52
728,constant_fertility,male,2027,8481.853
728,constant_mortality,female,2027,7849.138
728,constant_mortality,male,2027,7918.579
728,high_variant,female,2027,8240.215
728,high_variant,male,2027,8312.035
728,instant_replacement,female,2027,6869.277
728,instant_replacement,male,2027,6904.625
728,low_variant,female,2027,7823.838
728,low_variant,male,2027,7884.431
728,medium_variant,female,2027,8032.027
728,medium_variant,male,2027,8098.238
728,momentum,female,2027,6699.545
728,momentum,male,2027,6738.26
728,no_change,female,2027,8207.396
728,no_change,male,2027,8287.34
728,zero_migration,female,2027,7908.197
728,zero_migration,male,2027,7973.374
728,constant_fertility,female,2028,8650.843
728,constant_fertility,male,2028,8732.565
728,constant_mortality,female,2028,8004.806
728,constant_mortality,male,2028,8078.356
728,high_variant,female,2028,8453.719
728,high_variant,male,2028,8530.061
728,instant_replacement,female,2028,6957.855
728,instant_replacement,male,2028,6994.488
728,low_variant,female,2028,7978.572
728,low_variant,male,2028,8042.102
728,medium_variant,female,2028,8216.153
728,medium_variant,male,2028,8286.079
728,momentum,female,2028,6777.748
728,momentum,male,2028,6818.487
728,no_change,female,2028,8420.299
728,no_change,male,2028,8506.002
728,zero_migration,female,2028,8089.559
728,zero_migration,male,2028,8158.412
728,constant_fertility,female,2029,8902.991
728,constant_fertility,male,2029,8990.162
728,constant_mortality,female,2029,8159.752
728,constant_mortality,male,2029,8237.364
728,high_variant,female,2029,8669.652
728,high_variant,male,2029,8750.446
728,instant_replacement,female,2029,7048.395
728,instant_replacement,male,2029,7086.249
728,low_variant,female,2029,8133.755
728,low_variant,male,2029,8200.101
728,medium_variant,female,2029,8401.706
728,medium_variant,male,2029,8475.28
728,momentum,female,2029,6857.821
728,momentum,male,2029,6900.578
728,no_change,female,2029,8637.18
728,no_change,male,2029,8728.705
728,zero_migration,female,2029,8273.019
728,zero_migration,male,2029,8345.461
728,constant_fertility,female,2030,9162.051
728,constant_fertility,male,2030,9254.737
728,constant_mortality,female,2030,8313.911
728,constant_mortality,male,2030,8395.515
728,high_variant,female,2030,8887.588
728,high_variant,male,2030,8972.763
728,instant_replacement,female,2030,7140.901
728,instant_replacement,male,2030,7179.901
728,low_variant,female,2030,8289.653
728,low_variant,male,2030,8358.718
728,medium_variant,female,2030,8588.622
728,medium_variant,male,2030,8665.74
728,momentum,female,2030,6939.712
728,momentum,male,2030,6984.49
728,no_change,female,2030,8858.054
728,no_change,male,2030,8955.482
728,zero_migration,female,2030,8458.464
728,zero_migration,male,2030,8534.416
728,constant_fertility,female,2031,9428.268
728,constant_fertility,male,2031,9526.534
728,constant_mortality,female,2031,8467.216
728,constant_mortality,male,2031,8552.731
728,high_variant,female,2031,9107.397
728,high_variant,male,2031,9196.846
728,instant_replacement,female,2031,7235.168
728,instant_replacement,male,2031,7275.248
728,low_variant,female,2031,8446.363
728,low_variant,male,2031,8518.027
728,medium_variant,female,2031,8776.877
728,medium_variant,male,2031,8857.433
728,momentum,female,2031,7023.148
728,momentum,male,2031,7069.938
728,no_change,female,2031,9083.043
728,no_change,male,2031,9186.424
728,zero_migration,female,2031,8645.813
728,zero_migration,male,2031,8725.173
728,constant_fertility,female,2032,9702.032
728,constant_fertility,male,2032,9805.923
728,constant_mortality,female,2032,8619.67
728,constant_mortality,male,2032,8709.024
728,high_variant,female,2032,9329.238
728,high_variant,male,2032,9422.878
728,instant_replacement,female,2032,7330.99
728,instant_replacement,male,2032,7372.031
728,low_variant,female,2032,8603.837
728,low_variant,male,2032,8677.969
728,medium_variant,female,2032,8966.512
728,medium_variant,male,2032,9050.398
728,momentum,female,2032,7107.757
728,momentum,male,2032,7156.538
728,no_change,female,2032,9312.356
728,no_change,male,2032,9421.771
728,zero_migration,female,2032,8835.012
728,zero_migration,male,2032,8917.662
728,constant_fertility,female,2033,9983.755
728,constant_fertility,male,2033,10093.318
728,constant_mortality,female,2033,8771.32
728,constant_mortality,male,2033,8864.436
728,high_variant,female,2033,9553.374
728,high_variant,male,2033,9651.076
728,instant_replacement,female,2033,7428.183
728,instant_replacement,male,2033,7470.076
728,low_variant,female,2033,8762.062
728,low_variant,male,2033,8838.51
728,medium_variant,female,2033,9157.651
728,medium_variant,male,2033,9244.717
728,momentum,female,2033,7193.161
728,momentum,male,2033,7243.921
728,no_change,female,2033,9546.268
728,no_change,male,2033,9661.749
728,zero_migration,female,2033,9026.007
728,zero_migration,male,2033,9111.823
728,constant_fertility,female,2034,10273.925
728,constant_fertility,male,2034,10389.165
728,constant_mortality,female,2034,8922.263
728,constant_mortality,male,2034,9019.019
728,high_variant,female,2034,9780.189
728,high_variant,male,2034,9881.815
728,instant_replacement,female,2034,7526.541
728,instant_replacement,male,2034,7569.165
728,low_variant,female,2034,8920.967
728,low_variant,male,2034,8999.557
728,medium_variant,female,2034,9350.433
728,medium_variant,male,2034,9440.536
728,momentum,female,2034,7278.922
728,momentum,male,2034,7331.662
728,no_change,female,2034,9785.053
728,no_change,male,2034,9906.67
728,zero_migration,female,2034,9218.779
728,zero_migration,male,2034,9307.618
728,constant_fertility,female,2035,10573.01
728,constant_fertility,male,2035,10693.921
728,constant_mortality,female,2035,9072.518
728,constant_mortality,male,2035,9172.842
728,high_variant,female,2035,10009.994
728,high_variant,male,2035,10115.383
728,instant_replacement,female,2035,7625.765
728,instant_replacement,male,2035,7668.982
728,low_variant,female,2035,9080.454
728,low_variant,male,2035,9160.989
728,medium_variant,female,2035,9544.969
728,medium_variant,male,2035,9637.914
728,momentum,female,2035,7364.572
728,momentum,male,2035,7419.28
728,no_change,female,2035,10029.002
728,no_change,male,2035,10156.791
728,zero_migration,female,2035,9413.319
728,zero_migration,male,2035,9504.982
728,constant_fertility,female,2036,10881.417
728,constant_fertility,male,2036,11007.98
728,constant_mortality,female,2036,9222.069
728,constant_mortality,male,2036,9325.851
728,high_variant,female,2036,10242.892
728,high_variant,male,2036,10351.87
728,instant_replacement,female,2036,7725.733
728,instant_replacement,male,2036,7769.385
728,low_variant,female,2036,9240.504
728,low_variant,male,2036,9322.758
728,medium_variant,female,2036,9741.276
728,medium_variant,male,2036,9836.881
728,momentum,female,2036,7449.881
728,momentum,male,2036,7506.547
728,no_change,female,2036,10278.314
728,no_change,male,2036,10412.337
728,zero_migration,female,2036,9609.537
728,zero_migration,male,2036,9703.85
728,constant_fertility,female,2037,11199.516
728,constant_fertility,male,2037,11331.714
728,constant_mortality,female,2037,9370.82
728,constant_mortality,male,2037,9477.949
728,high_variant,female,2037,10478.902
728,high_variant,male,2037,10591.294
728,instant_replacement,female,2037,7825.949
728,instant_replacement,male,2037,7869.857
728,low_variant,female,2037,9400.994
728,low_variant,male,2037,9484.759
728,medium_variant,female,2037,9939.288
728,medium_variant,male,2037,10037.334
728,momentum,female,2037,7534.367
728,momentum,male,2037,7592.964
728,no_change,female,2037,10533.192
728,no_change,male,2037,10673.499
728,zero_migration,female,2037,9807.371
728,zero_migration,male,2037,9904.123
728,constant_fertility,female,2038,11527.73
728,constant_fertility,male,2038,11665.603
728,constant_mortality,female,2038,9518.636
728,constant_mortality,male,2038,9629.006
728,high_variant,female,2038,10718.167
728,high_variant,male,2038,10833.797
728,instant_replacement,female,2038,7925.306
728,instant_replacement,male,2038,7969.263
728,low_variant,female,2038,9561.678
728,low_variant,male,2038,9646.702
728,medium_variant,female,2038,10138.91
728,medium_variant,male,2038,10239.213
728,momentum,female,2038,7616.972
728,momentum,male,2038,7677.432
728,no_change,female,2038,10793.873
728,no_change,male,2038,10940.526
728,zero_migration,female,2038,10006.777
728,zero_migration,male,2038,10105.769
728,constant_fertility,female,2039,11866.522
728,constant_fertility,male,2039,12010.136
728,constant_mortality,female,2039,9665.353
728,constant_mortality,male,2039,9778.825
728,high_variant,female,2039,10960.833
728,high_variant,male,2039,11079.574
728,instant_replacement,female,2039,8022.473
728,instant_replacement,male,2039,8066.17
728,low_variant,female,2039,9722.214
728,low_variant,male,2039,9808.256
728,medium_variant,female,2039,10340.021
728,medium_variant,male,2039,10442.369
728,momentum,female,2039,7696.418
728,momentum,male,2039,7758.622
728,no_change,female,2039,11060.608
728,no_change,male,2039,11213.637
728,zero_migration,female,2039,10207.678
728,zero_migration,male,2039,10308.711
728,constant_fertility,female,2040,12216.33
728,constant_fertility,male,2040,12365.801
728,constant_mortality,female,2040,9810.816
728,constant_mortality,male,2040,9927.28
728,high_variant,female,2040,11207.051
728,high_variant,male,2040,11328.767
728,instant_replacement,female,2040,8116.368
728,instant_replacement,male,2040,8159.499
728,low_variant,female,2040,9882.295
728,low_variant,male,2040,9969.103
728,medium_variant,female,2040,10542.507
728,medium_variant,male,2040,10646.704
728,momentum,female,2040,7771.703
728,momentum,male,2040,7835.5
728,no_change,female,2040,11333.627
728,no_change,male,2040,11493.105
728,zero_migration,female,2040,10410.017
728,zero_migration,male,2040,10512.901
728,constant_fertility,female,2041,12577.578
728,constant_fertility,male,2041,12733.035
728,constant_mortality,female,2041,9954.94
728,constant_mortality,male,2041,10074.258
728,high_variant,female,2041,11456.877
728,high_variant,male,2041,11581.43
728,instant_replacement,female,2041,8206.661
728,instant_replacement,male,2041,8248.857
728,low_variant,female,2041,10041.787
728,low_variant,male,2041,10129.073
728,medium_variant,female,2041,10746.299
728,medium_variant,male,2041,10852.122
728,momentum,female,2041,7842.515
728,momentum,male,2041,7907.727
728,no_change,female,2041,11613.165
728,no_change,male,2041,11779.143
728,zero_migration,female,2041,10613.722
728,zero_migration,male,2041,10718.253
728,constant_fertility,female,2042,12950.759
728,constant_fertility,male,2042,13112.319
728,constant_mortality,female,2042,10097.651
728,constant_mortality,male,2042,10219.685
728,high_variant,female,2042,11710.404
728,high_variant,male,2042,11837.64
728,instant_replacement,female,2042,8293.323
728,instant_replacement,male,2042,8334.246
728,low_variant,female,2042,10200.547
728,low_variant,male,2042,10288.04
728,medium_variant,female,2042,10951.359
728,medium_variant,male,2042,11058.599
728,momentum,female,2042,7908.83
728,momentum,male,2042,7975.29
728,no_change,female,2042,11899.435
728,no_change,male,2042,12071.972
728,zero_migration,female,2042,10818.729
728,zero_migration,male,2042,10924.671
728,constant_fertility,female,2043,13336.409
728,constant_fertility,male,2043,13504.163
728,constant_mortality,female,2043,10238.833
728,constant_mortality,male,2043,10363.445
728,high_variant,female,2043,11967.798
728,high_variant,male,2043,12097.544
728,instant_replacement,female,2043,8376.073
728,instant_replacement,male,2043,8415.334
728,low_variant,female,2043,10358.37
728,low_variant,male,2043,10445.744
728,medium_variant,female,2043,11157.632
728,medium_variant,male,2043,11266.029
728,momentum,female,2043,7970.469
728,momentum,male,2043,8037.966
728,no_change,female,2043,12192.705
728,no_change,male,2043,12371.882
728,zero_migration,female,2043,11024.973
728,zero_migration,male,2043,11132.084
728,constant_fertility,female,2044,13735.147
728,constant_fertility,male,2044,13909.143
728,constant_mortality,female,2044,10378.368
728,constant_mortality,male,2044,10505.414
728,high_variant,female,2044,12229.278
728,high_variant,male,2044,12361.328
728,instant_replacement,female,2044,8454.696
728,instant_replacement,male,2044,8491.867
728,low_variant,female,2044,10515.03
728,low_variant,male,2044,10601.946
728,medium_variant,female,2044,11365.069
728,medium_variant,male,2044,11474.326
728,momentum,female,2044,8027.332
728,momentum,male,2044,8095.633
728,no_change,female,2044,12493.279
728,no_change,male,2044,12679.155
728,zero_migration,female,2044,11232.42
728,zero_migration,male,2044,11340.405
728,constant_fertility,female,2045,14147.541
728,constant_fertility,male,2045,14327.789
728,constant_mortality,female,2045,10516.152
728,constant_mortality,male,2045,10645.481
728,high_variant,female,2045,12494.987
728,high_variant,male,2045,12629.081
728,instant_replacement,female,2045,8529.145
728,instant_replacement,male,2045,8563.794
728,low_variant,female,2045,10670.337
728,low_variant,male,2045,10756.406
728,medium_variant,female,2045,11573.611
728,medium_variant,male,2045,11683.409
728,momentum,female,2045,8079.491
728,momentum,male,2045,8148.329
728,no_change,female,2045,12801.4
728,no_change,male,2045,12994.08
728,zero_migration,female,2045,11441.003
728,zero_migration,male,2045,11549.55
728,constant_fertility,female,2046,14574.081
728,constant_fertility,male,2046,14760.583
728,constant_mortality,female,2046,10652.07
728,constant_mortality,male,2046,10783.546
728,high_variant,female,2046,12764.937
728,high_variant,male,2046,12900.814
728,instant_replacement,female,2046,8599.267
728,instant_replacement,male,2046,8630.947
728,low_variant,female,2046,10824.134
728,low_variant,male,2046,10908.945
728,medium_variant,female,2046,11783.166
728,medium_variant,male,2046,11893.163
728,momentum,female,2046,8126.828
728,momentum,male,2046,8195.933
728,no_change,female,2046,13117.297
728,no_change,male,2046,13316.863
728,zero_migration,female,2046,11650.643
728,zero_migration,male,2046,11759.414
728,constant_fertility,female,2047,15015.205
728,constant_fertility,male,2047,15207.972
728,constant_mortality,female,2047,10786.047
728,constant_mortality,male,2047,10919.497
728,high_variant,female,2047,13039.071
728,high_variant,male,2047,13176.459
728,instant_replacement,female,2047,8665.294
728,instant_replacement,male,2047,8693.549
728,low_variant,female,2047,10976.306
728,low_variant,male,2047,11059.472
728,medium_variant,female,2047,11993.652
728,medium_variant,male,2047,12103.49
728,momentum,female,2047,8169.63
728,momentum,male,2047,8238.735
728,no_change,female,2047,13441.148
728,no_change,male,2047,13647.695
728,zero_migration,female,2047,11861.241
728,zero_migration,male,2047,11969.873
728,constant_fertility,female,2048,15471.312
728,constant_fertility,male,2048,15670.408
728,constant_mortality,female,2048,10917.985
728,constant_mortality,male,2048,11053.267
728,high_variant,female,2048,13317.279
728,high_variant,male,2048,13455.91
728,instant_replacement,female,2048,8728.111
728,instant_replacement,male,2048,8752.521
728,low_variant,female,2048,11126.774
728,low_variant,male,2048,11207.878
728,medium_variant,female,2048,12204.931
728,medium_variant,male,2048,12314.269
728,momentum,female,2048,8208.875
728,momentum,male,2048,8277.736
728,no_change,female,2048,13773.127
728,no_change,male,2048,13986.746
728,zero_migration,female,2048,12072.682
728,zero_migration,male,2048,12180.842
728,constant_fertility,female,2049,15942.782
728,constant_fertility,male,2049,16148.291
728,constant_mortality,female,2049,11047.832
728,constant_mortality,male,2049,11184.787
728,high_variant,female,2049,13599.387
728,high_variant,male,2049,13739.034
728,instant_replacement,female,2049,8788.922
728,instant_replacement,male,2049,8809.104
728,low_variant,female,2049,11275.453
728,low_variant,male,2049,11354.102
728,medium_variant,female,2049,12416.898
728,medium_variant,male,2049,12525.408
728,momentum,female,2049,8245.852
728,momentum,male,2049,8314.269
728,no_change,female,2049,14113.385
728,no_change,male,2049,14334.181
728,zero_migration,female,2049,12284.818
728,zero_migration,male,2049,12392.178
728,constant_fertility,female,2050,16429.986
728,constant_fertility,male,2050,16642.068
728,constant_mortality,female,2050,11175.494
728,constant_mortality,male,2050,11313.955
728,high_variant,female,2050,13885.236
728,high_variant,male,2050,14025.663
728,instant_replacement,female,2050,8848.688
728,instant_replacement,male,2050,8864.281
728,low_variant,female,2050,11422.288
728,low_variant,male,2050,11498.077
728,medium_variant,female,2050,12629.434
728,medium_variant,male,2050,12736.787
728,momentum,female,2050,8281.612
728,momentum,male,2050,8349.402
728,no_change,female,2050,14462.063
728,no_change,male,2050,14690.15
728,zero_migration,female,2050,12497.535
728,zero_migration,male,2050,12603.758
728,constant_fertility,female,2051,16933.443
728,constant_fertility,male,2051,17152.262
728,constant_mortality,female,2051,11300.896
728,constant_mortality,male,2051,11440.709
728,high_variant,female,2051,14174.73
728,high_variant,male,2051,14315.7
728,instant_replacement,female,2051,8907.721
728,instant_replacement,male,2051,8918.384
728,low_variant,female,2051,11567.165
728,low_variant,male,2051,11639.706
728,medium_variant,female,2051,12842.428
728,medium_variant,male,2051,12948.299
728,momentum,female,2051,8316.518
728,momentum,male,2051,8383.524
728,no_change,female,2051,14819.368
728,no_change,male,2051,15054.855
728,zero_migration,female,2051,12710.707
728,zero_migration,male,2051,12815.49
728,constant_fertility,female,2052,17453.627
728,constant_fertility,male,2052,17679.333
728,constant_mortality,female,2052,11423.936
728,constant_mortality,male,2052,11564.933
728,high_variant,female,2052,14467.738
728,high_variant,male,2052,14608.997
728,instant_replacement,female,2052,8966.106
728,instant_replacement,male,2052,8971.479
728,low_variant,female,2052,11710.019
728,low_variant,male,2052,11778.89
728,medium_variant,female,2052,13055.775
728,medium_variant,male,2052,13159.801
728,momentum,female,2052,8350.662
728,momentum,male,2052,8416.713
728,no_change,female,2052,15185.465
728,no_change,male,2052,15428.477
728,zero_migration,female,2052,12924.245
728,zero_migration,male,2052,13027.227
728,constant_fertility,female,2053,17990.982
728,constant_fertility,male,2053,18223.655
728,constant_mortality,female,2053,11544.513
728,constant_mortality,male,2053,11686.528
728,high_variant,female,2053,14763.982
728,high_variant,male,2053,14905.215
728,instant_replacement,female,2053,9024.231
728,instant_replacement,male,2053,9023.971
728,low_variant,female,2053,11850.822
728,low_variant,male,2053,11915.578
728,medium_variant,female,2053,13269.321
728,medium_variant,male,2053,13371.123
728,momentum,female,2053,8384.468
728,momentum,male,2053,8449.427
728,no_change,female,2053,15560.486
728,no_change,male,2053,15811.125
728,zero_migration,female,2053,13137.993
728,zero_migration,male,2053,13238.786
728,constant_fertility,female,2054,18545.886
728,constant_fertility,male,2054,18785.523
728,constant_mortality,female,2054,11662.506
728,constant_mortality,male,2054,11805.387
728,high_variant,female,2054,15063.122
728,high_variant,male,2054,15203.917
728,instant_replacement,female,2054,9082.512
728,instant_replacement,male,2054,9076.23
728,low_variant,female,2054,11989.589
728,low_variant,male,2054,12049.72
728,medium_variant,female,2054,13482.933
728,medium_variant,male,2054,13582.038
728,momentum,female,2054,8418.331
728,momentum,male,2054,8482.084
728,no_change,female,2054,15944.481
728,no_change,male,2054,16202.896
728,zero_migration,female,2054,13351.818
728,zero_migration,male,2054,13449.963
728,constant_fertility,female,2055,19118.817
728,constant_fertility,male,2055,19365.333
728,constant_mortality,female,2055,11777.843
728,constant_mortality,male,2055,11921.395
728,high_variant,female,2055,15364.874
728,high_variant,male,2055,15504.768
728,instant_replacement,female,2055,9141.223
728,instant_replacement,male,2055,9128.543
728,low_variant,female,2055,12126.297
728,low_variant,male,2055,12181.271
728,medium_variant,female,2055,13696.475
728,medium_variant,male,2055,13792.374
728,momentum,female,2055,8452.527
728,momentum,male,2055,8514.98
728,no_change,female,2055,16337.575
728,no_change,male,2055,16603.886
728,zero_migration,female,2055,13565.598
728,zero_migration,male,2055,13660.58
728,constant_fertility,female,2056,19710.31
728,constant_fertility,male,2056,19963.618
728,constant_mortality,female,2056,11890.404
728,constant_mortality,male,2056,12034.47
728,high_variant,female,2056,15669.074
728,high_variant,male,2056,15807.574
728,instant_replacement,female,2056,9200.536
728,instant_replacement,male,2056,9181.072
728,low_variant,female,2056,12260.883
728,low_variant,male,2056,12310.147
728,medium_variant,female,2056,13909.826
728,medium_variant,male,2056,14001.983
728,momentum,female,2056,8487.27
728,momentum,male,2056,8548.343
728,no_change,female,2056,16739.97
728,no_change,male,2056,17014.295
728,zero_migration,female,2056,13779.201
728,zero_migration,male,2056,13870.493
728,constant_fertility,female,2057,20320.933
728,constant_fertility,male,2057,20580.991
728,constant_mortality,female,2057,12000.127
728,constant_mortality,male,2057,12144.535
728,high_variant,female,2057,15975.588
728,high_variant,male,2057,16112.212
728,instant_replacement,female,2057,9260.498
728,instant_replacement,male,2057,9233.872
728,low_variant,female,2057,12393.266
728,low_variant,male,2057,12436.283
728,medium_variant,female,2057,14122.865
728,medium_variant,male,2057,14210.764
728,momentum,female,2057,8522.563
728,momentum,male,2057,8582.193
728,no_change,female,2057,17151.858
728,no_change,male,2057,17434.348
728,zero_migration,female,2057,13992.503
728,zero_migration,male,2057,14079.596
728,constant_fertility,female,2058,20951.253
728,constant_fertility,male,2058,21218.079
728,constant_mortality,female,2058,12106.925
728,constant_mortality,male,2058,12251.509
728,high_variant,female,2058,16284.194
728,high_variant,male,2058,16418.479
728,instant_replacement,female,2058,9320.947
728,instant_replacement,male,2058,9286.837
728,low_variant,female,2058,12523.416
728,low_variant,male,2058,12559.673
728,medium_variant,female,2058,14335.471
728,medium_variant,male,2058,14418.618
728,momentum,female,2058,8558.254
728,momentum,male,2058,8616.374
728,no_change,female,2058,17573.435
728,no_change,male,2058,17864.231
728,zero_migration,female,2058,14205.392
728,zero_migration,male,2058,14287.785
728,constant_fertility,female,2059,21601.818
728,constant_fertility,male,2059,21875.539
728,constant_mortality,female,2059,12210.707
728,constant_mortality,male,2059,12355.297
728,high_variant,female,2059,16594.639
728,high_variant,male,2059,16726.209
728,instant_replacement,female,2059,9381.684
728,instant_replacement,male,2059,9339.763
728,low_variant,female,2059,12651.285
728,low_variant,male,2059,12680.331
728,medium_variant,female,2059,14547.498
728,medium_variant,male,2059,14625.464
728,momentum,female,2059,8594.009
728,momentum,male,2059,8650.605
728,no_change,female,2059,18004.89
728,no_change,male,2059,18304.14
728,zero_migration,female,2059,14417.717
728,zero_migration,male,2059,14494.979
728,constant_fertility,female,2060,22273.245
728,constant_fertility,male,2060,22554.052
728,constant_mortality,female,2060,12311.395
728,constant_mortality,male,2060,12455.827
728,high_variant,female,2060,16906.731
728,high_variant,male,2060,17035.22
728,instant_replacement,female,2060,9442.444
728,instant_replacement,male,2060,9392.448
728,low_variant,female,2060,12776.834
728,low_variant,male,2060,12798.233
728,medium_variant,female,2060,14758.829
728,medium_variant,male,2060,14831.203
728,momentum,female,2060,8629.552
728,momentum,male,2060,8684.601
728,no_change,female,2060,18446.428
728,no_change,male,2060,18754.287
728,zero_migration,female,2060,14629.356
728,zero_migration,male,2060,14701.104
728,constant_fertility,female,2061,22966.182
728,constant_fertility,male,2061,23254.334
728,constant_mortality,female,2061,12408.918
728,constant_mortality,male,2061,12553.031
728,high_variant,female,2061,17220.325
728,high_variant,male,2061,17345.414
728,instant_replacement,female,2061,9503.14
728,instant_replacement,male,2061,9444.818
728,low_variant,female,2061,12899.97
728,low_variant,male,2061,12913.343
728,medium_variant,female,2061,14969.347
728,medium_variant,male,2061,15035.761
728,momentum,female,2061,8664.79
728,momentum,male,2061,8718.299
728,no_change,female,2061,18898.299
728,no_change,male,2061,19214.909
728,zero_migration,female,2061,14840.192
728,zero_migration,male,2061,14906.037
728,constant_fertility,female,2062,23681.382
728,constant_fertility,male,2062,23977.103
728,constant_mortality,female,2062,12503.205
728,constant_mortality,male,2062,12646.838
728,high_variant,female,2062,17535.359
728,high_variant,male,2062,17656.689
728,instant_replacement,female,2062,9563.643
728,instant_replacement,male,2062,9496.748
728,low_variant,female,2062,13020.623
728,low_variant,male,2062,13025.534
728,medium_variant,female,2062,15178.938
728,medium_variant,male,2062,15238.997
728,momentum,female,2062,8699.594
728,momentum,male,2062,8751.559
728,no_change,female,2062,19360.746
728,no_change,male,2062,19686.287
728,zero_migration,female,2062,15050.127
728,zero_migration,male,2062,15109.67
728,constant_fertility,female,2063,24419.563
728,constant_fertility,male,2063,24723.092
728,constant_mortality,female,2063,12594.192
728,constant_mortality,male,2063,12737.177
728,high_variant,female,2063,17851.808
728,high_variant,male,2063,17969.003
728,instant_replacement,female,2063,9623.539
728,instant_replacement,male,2063,9547.798
728,low_variant,female,2063,13138.637
728,low_variant,male,2063,13134.677
728,medium_variant,female,2063,15387.501
728,medium_variant,male,2063,15440.782
728,momentum,female,2063,8733.532
728,momentum,male,2063,8783.976
728,no_change,female,2063,19834.079
728,no_change,male,2063,20168.712
728,zero_migration,female,2063,15259.044
728,zero_migration,male,2063,15311.884
728,constant_fertility,female,2064,25181.507
728,constant_fertility,male,2064,25493.099
728,constant_mortality,female,2064,12681.83
728,constant_mortality,male,2064,12824.014
728,high_variant,female,2064,18169.698
728,high_variant,male,2064,18282.342
728,instant_replacement,female,2064,9682.316
728,instant_replacement,male,2064,9597.433
728,low_variant,female,2064,13253.891
728,low_variant,male,2064,13240.587
728,medium_variant,female,2064,15594.924
728,medium_variant,male,2064,15640.991
728,momentum,female,2064,8766.077
728,momentum,male,2064,8815.036
728,no_change,female,2064,20318.61
728,no_change,male,2064,20662.511
728,zero_migration,female,2064,15466.837
728,zero_migration,male,2064,15512.526
728,constant_fertility,female,2065,25968.025
728,constant_fertility,male,2065,26287.911
728,constant_mortality,female,2065,12766.036
728,constant_mortality,male,2065,12907.272
728,high_variant,female,2065,18489.037
728,high_variant,male,2065,18596.71
728,instant_replacement,female,2065,9739.548
728,instant_replacement,male,2065,9645.201
728,low_variant,female,2065,13366.248
728,low_variant,male,2065,13343.114
728,medium_variant,female,2065,15801.118
728,medium_variant,male,2065,15839.497
728,momentum,female,2065,8796.788
728,momentum,male,2065,8844.284
728,no_change,female,2065,20814.643
728,no_change,male,2065,21168.002
728,zero_migration,female,2065,15673.407
728,zero_migration,male,2065,15711.467
728,constant_fertility,female,2066,26779.951
728,constant_fertility,male,2066,27108.404
728,constant_mortality,female,2066,12846.775
728,constant_mortality,male,2066,12986.924
728,high_variant,female,2066,18809.771
728,high_variant,male,2066,18912.035
728,instant_replacement,female,2066,9795.059
728,instant_replacement,male,2066,9690.926
728,low_variant,female,2066,13475.606
728,low_variant,male,2066,13442.157
728,medium_variant,female,2066,16005.976
728,medium_variant,male,2066,16036.187
728,momentum,female,2066,8825.488
728,momentum,male,2066,8871.573
728,no_change,female,2066,21322.494
728,no_change,male,2066,21685.504
728,zero_migration,female,2066,15878.66
728,zero_migration,male,2066,15908.622
728,constant_fertility,female,2067,27618.161
728,constant_fertility,male,2067,27955.487
728,constant_mortality,female,2067,12923.986
728,constant_mortality,male,2067,13062.9
728,high_variant,female,2067,19131.866
728,high_variant,male,2067,19228.313
728,instant_replacement,female,2067,9848.666
728,instant_replacement,male,2067,9734.478
728,low_variant,female,2067,13581.878
728,low_variant,male,2067,13537.651
728,medium_variant,female,2067,16209.418
728,medium_variant,male,2067,16230.996
728,momentum,female,2067,8852.062
728,momentum,male,2067,8896.777
728,no_change,female,2067,21842.493
728,no_change,male,2067,22215.333
728,zero_migration,female,2067,16082.498
728,zero_migration,male,2067,16103.909
728,constant_fertility,female,2068,28483.601
728,constant_fertility,male,2068,28830.091
728,constant_mortality,female,2068,12997.637
728,constant_mortality,male,2068,13135.184
728,high_variant,female,2068,19455.392
728,high_variant,male,2068,19545.63
728,instant_replacement,female,2068,9899.97
728,instant_replacement,male,2068,9775.508
728,low_variant,female,2068,13684.888
728,low_variant,male,2068,13629.473
728,medium_variant,female,2068,16411.32
728,medium_variant,male,2068,16423.862
728,momentum,female,2068,8876.132
728,momentum,male,2068,8919.53
728,no_change,female,2068,22374.982
728,no_change,male,2068,22757.881
728,zero_migration,female,2068,16284.81
728,zero_migration,male,2068,16297.251
728,constant_fertility,female,2069,29377.214
728,constant_fertility,male,2069,29733.193
728,constant_mortality,female,2069,13067.664
728,constant_mortality,male,2069,13203.716
728,high_variant,female,2069,19780.464
728,high_variant,male,2069,19864.169
728,instant_replacement,female,2069,9948.499
728,instant_replacement,male,2069,9813.642
728,low_variant,female,2069,13784.448
728,low_variant,male,2069,13717.505
728,medium_variant,female,2069,16611.573
728,medium_variant,male,2069,16614.731
728,momentum,female,2069,8897.346
728,momentum,male,2069,8939.457
728,no_change,female,2069,22920.352
728,no_change,male,2069,23313.518
728,zero_migration,female,2069,16485.495
728,zero_migration,male,2069,16488.614
728,constant_fertility,female,2070,30300.0
728,constant_fertility,male,2070,30665.82
728,constant_mortality,female,2070,13134.049
728,constant_mortality,male,2070,13268.481
728,high_variant,female,2070,20107.155
728,high_variant,male,2070,20184.012
728,instant_replacement,female,2070,9993.907
728,instant_replacement,male,2070,9848.617
728,low_variant,female,2070,13880.399
728,low_variant,male,2070,13801.648
728,medium_variant,female,2070,16810.105
728,medium_variant,male,2070,16803.549
728,momentum,female,2070,8915.427
728,momentum,male,2070,8956.287
728,no_change,female,2070,23478.982
728,no_change,male,2070,23882.637
728,zero_migration,female,2070,16684.453
728,zero_migration,male,2070,16677.945
728,constant_fertility,female,2071,31252.966
728,constant_fertility,male,2071,31628.995
728,constant_mortality,female,2071,13196.756
728,constant_mortality,male,2071,13329.443
728,high_variant,female,2071,20435.442
728,high_variant,male,2071,20505.175
728,instant_replacement,female,2071,10036.041
728,instant_replacement,male,2071,9880.319
728,low_variant,female,2071,13972.627
728,low_variant,male,2071,13881.82
728,medium_variant,female,2071,17006.799
728,medium_variant,male,2071,16990.255
728,momentum,female,2071,8930.284
728,momentum,male,2071,8969.925
728,no_change,female,2071,24051.229
728,no_change,male,2071,24465.612
728,zero_migration,female,2071,16881.599
728,zero_migration,male,2071,16865.167
728,constant_fertility,female,2072,32237.149
728,constant_fertility,male,2072,32623.784
728,constant_mortality,female,2072,13255.751
728,constant_mortality,male,2072,13386.584
728,high_variant,female,2072,20765.272
728,high_variant,male,2072,20827.595
728,instant_replacement,female,2072,10074.942
728,instant_replacement,male,2072,9908.785
728,low_variant,female,2072,14061.081
728,low_variant,male,2072,13957.979
728,medium_variant,female,2072,17201.58
728,medium_variant,male,2072,17174.757
728,momentum,female,2072,8941.981
728,momentum,male,2072,8980.443
728,no_change,female,2072,24637.465
728,no_change,male,2072,25062.808
728,zero_migration,female,2072,17076.833
728,zero_migration,male,2072,17050.2
728,constant_fertility,female,2073,33253.624
728,constant_fertility,male,2073,33651.282
728,constant_mortality,female,2073,13311.0
728,constant_mortality,male,2073,13439.873
728,high_variant,female,2073,21096.699
728,high_variant,male,2073,21151.274
728,instant_replacement,female,2073,10110.665
728,instant_replacement,male,2073,9934.088
728,low_variant,female,2073,14145.706
728,low_variant,male,2073,14030.005
728,medium_variant,female,2073,17394.403
728,medium_variant,male,2073,17356.967
728,momentum,female,2073,8950.637
728,momentum,male,2073,8987.984
728,no_change,female,2073,25238.082
728,no_change,male,2073,25674.633
728,zero_migration,female,2073,17270.117
728,zero_migration,male,2073,17232.942
728,constant_fertility,female,2074,34303.545
728,constant_fertility,male,2074,34712.601
728,constant_mortality,female,2074,13362.502
728,constant_mortality,male,2074,13489.304
728,high_variant,female,2074,21429.76
728,high_variant,male,2074,21476.213
728,instant_replacement,female,2074,10143.393
728,instant_replacement,male,2074,9956.374
728,low_variant,female,2074,14226.459
728,low_variant,male,2074,14097.817
728,medium_variant,female,2074,17585.233
728,medium_variant,male,2074,17536.798
728,momentum,female,2074,8956.479
728,momentum,male,2074,8992.752
728,no_change,female,2074,25853.483
728,no_change,male,2074,26301.485
728,zero_migration,female,2074,17461.422
728,zero_migration,male,2074,17413.326
728,constant_fertility,female,2075,35388.026
728,constant_fertility,male,2075,35808.913
728,constant_mortality,female,2075,13410.233
728,constant_mortality,male,2075,13534.882
728,high_variant,female,2075,21764.463
728,high_variant,male,2075,21802.385
728,instant_replacement,female,2075,10173.304
728,instant_replacement,male,2075,9975.802
728,low_variant,female,2075,14303.299
728,low_variant,male,2075,14161.352
728,medium_variant,female,2075,17774.008
728,medium_variant,male,2075,17714.169
728,momentum,female,2075,8959.738
728,momentum,male,2075,8994.995
728,no_change,female,2075,26484.065
728,no_change,male,2075,26943.796
728,zero_migration,female,2075,17650.69
728,zero_migration,male,2075,17591.254
728,constant_fertility,female,2076,36508.257
728,constant_fertility,male,2076,36941.398
728,constant_mortality,female,2076,13454.184
728,constant_mortality,male,2076,13576.573
728,high_variant,female,2076,22100.762
728,high_variant,male,2076,22129.738
728,instant_replacement,female,2076,10200.45
728,instant_replacement,male,2076,9992.465
728,low_variant,female,2076,14376.175
728,low_variant,male,2076,14220.557
728,medium_variant,female,2076,17960.683
728,medium_variant,male,2076,17888.995
728,momentum,female,2076,8960.521
728,momentum,male,2076,8994.822
728,no_change,female,2076,27130.235
728,no_change,male,2076,27601.949
728,zero_migration,female,2076,17837.854
728,zero_migration,male,2076,17766.662
728,constant_fertility,female,2077,37665.41
728,constant_fertility,male,2077,38111.292
728,constant_mortality,female,2077,13494.352
728,constant_mortality,male,2077,13614.396
728,high_variant,female,2077,22438.553
728,high_variant,male,2077,22458.187
728,instant_replacement,female,2077,10224.958
728,instant_replacement,male,2077,10006.538
728,low_variant,female,2077,14445.055
728,low_variant,male,2077,14275.42
728,medium_variant,female,2077,18145.144
728,medium_variant,male,2077,18061.243
728,momentum,female,2077,8959.021
728,momentum,male,2077,8992.43
728,no_change,female,2077,27792.39
728,no_change,male,2077,28276.362
728,zero_migration,female,2077,18022.826
728,zero_migration,male,2077,17939.475
728,constant_fertility,female,2078,38860.663
728,constant_fertility,male,2078,39319.888
728,constant_mortality,female,2078,13530.717
728,constant_mortality,male,2078,13648.341
728,high_variant,female,2078,22777.657
728,high_variant,male,2078,22787.578
728,instant_replacement,female,2078,10247.183
728,instant_replacement,male,2078,10018.461
728,low_variant,female,2078,14509.885
728,low_variant,male,2078,14325.958
728,medium_variant,female,2078,18327.304
728,medium_variant,male,2078,18230.801
728,momentum,female,2078,8955.677
728,momentum,male,2078,8988.282
728,no_change,female,2078,28470.918
728,no_change,male,2078,28967.436
728,zero_migration,female,2078,18205.49
728,zero_migration,male,2078,18109.63
728,constant_fertility,female,2079,40095.235
728,constant_fertility,male,2079,40568.485
728,constant_mortality,female,2079,13563.261
728,constant_mortality,male,2079,13678.38
728,high_variant,female,2079,23117.867
728,high_variant,male,2079,23117.751
728,instant_replacement,female,2079,10267.588
728,instant_replacement,male,2079,10028.755
728,low_variant,female,2079,14570.663
728,low_variant,male,2079,14372.176
728,medium_variant,female,2079,18507.021
728,medium_variant,male,2079,18397.633
728,momentum,female,2079,8951.051
728,momentum,male,2079,8982.966
728,no_change,female,2079,29166.206
728,no_change,male,2079,29675.564
728,zero_migration,female,2079,18385.735
728,zero_migration,male,2079,18277.056
728,constant_fertility,female,2080,41370.374
728,constant_fertility,male,2080,41858.441
728,constant_mortality,female,2080,13591.996
728,constant_mortality,male,2080,13704.52
728,high_variant,female,2080,23458.97
728,high_variant,male,2080,23448.521
728,instant_replacement,female,2080,10286.539
728,instant_replacement,male,2080,10037.917
728,low_variant,female,2080,14627.344
728,low_variant,male,2080,14414.13
728,medium_variant,female,2080,18684.214
728,medium_variant,male,2080,18561.65
728,momentum,female,2080,8945.651
728,momentum,male,2080,8976.971
728,no_change,female,2080,29878.679
728,no_change,male,2080,30401.126
728,zero_migration,female,2080,18563.461
728,zero_migration,male,2080,18441.696
728,constant_fertility,female,2081,42687.426
728,constant_fertility,male,2081,43191.179
728,constant_mortality,female,2081,13616.914
728,constant_mortality,male,2081,13726.776
728,high_variant,female,2081,23800.858
728,high_variant,male,2081,23779.792
728,instant_replacement,female,2081,10304.255
728,instant_replacement,male,2081,10046.173
728,low_variant,female,2081,14679.944
728,low_variant,male,2081,14451.825
728,medium_variant,female,2081,18858.798
728,medium_variant,male,2081,18722.82
728,momentum,female,2081,8939.677
728,momentum,male,2081,8970.543
728,no_change,female,2081,30608.75
728,no_change,male,2081,31144.591
728,zero_migration,female,2081,18738.583
728,zero_migration,male,2081,18603.479
728,constant_fertility,female,2082,44047.757
728,constant_fertility,male,2082,44568.1
728,constant_mortality,female,2082,13638.033
728,constant_mortality,male,2082,13745.165
728,high_variant,female,2082,24143.396
728,high_variant,male,2082,24111.463
728,instant_replacement,female,2082,10320.881
728,instant_replacement,male,2082,10053.719
728,low_variant,female,2082,14728.441
728,low_variant,male,2082,14485.291
728,medium_variant,female,2082,19030.701
728,medium_variant,male,2082,18881.075
728,momentum,female,2082,8933.333
728,momentum,male,2082,8963.857
728,no_change,female,2082,31356.836
728,no_change,male,2082,31906.381
728,zero_migration,female,2082,18911.038
728,zero_migration,male,2082,18762.362
728,constant_fertility,female,2083,45452.632
728,constant_fertility,male,2083,45990.518
728,constant_mortality,female,2083,13655.418
728,constant_mortality,male,2083,13759.765
728,high_variant,female,2083,24486.363
728,high_variant,male,2083,24443.291
728,instant_replacement,female,2083,10336.681
728,instant_replacement,male,2083,10060.874
728,low_variant,female,2083,14772.826
728,low_variant,male,2083,14514.557
728,medium_variant,female,2083,19199.831
728,medium_variant,male,2083,19036.339
728,momentum,female,2083,8926.956
728,momentum,male,2083,8957.26
728,no_change,female,2083,32123.386
728,no_change,male,2083,32686.913
728,zero_migration,female,2083,19080.733
728,zero_migration,male,2083,18918.27
728,constant_fertility,female,2084,46903.347
728,constant_fertility,male,2084,47459.698
728,constant_mortality,female,2084,13669.119
728,constant_mortality,male,2084,13770.615
728,high_variant,female,2084,24829.52
728,high_variant,male,2084,24775.025
728,instant_replacement,female,2084,10351.907
728,instant_replacement,male,2084,10067.963
728,low_variant,female,2084,14813.143
728,low_variant,male,2084,14539.658
728,medium_variant,female,2084,19366.088
728,medium_variant,male,2084,19188.538
728,momentum,female,2084,8920.897
728,momentum,male,2084,8951.104
728,no_change,female,2084,32908.81
728,no_change,male,2084,33486.617
728,zero_migration,female,2084,19247.559
728,zero_migration,male,2084,19071.101
728,constant_fertility,female,2085,48401.285
728,constant_fertility,male,2085,48977.061
728,constant_mortality,female,2085,13679.207
728,constant_mortality,male,2085,13777.796
728,high_variant,female,2085,25172.654
728,high_variant,male,2085,25106.461
728,instant_replacement,female,2085,10366.792
728,instant_replacement,male,2085,10075.273
728,low_variant,female,2085,14849.373
728,low_variant,male,2085,14560.665
728,medium_variant,female,2085,19529.379
728,medium_variant,male,2085,19337.593
728,momentum,female,2085,8915.425
728,momentum,male,2085,8945.678
728,no_change,female,2085,33713.526
728,no_change,male,2085,34305.926
728,zero_migration,female,2085,19411.434
728,zero_migration,male,2085,19220.806
728,constant_fertility,female,2086,49947.969
728,constant_fertility,male,2086,50544.163
728,constant_mortality,female,2086,13685.723
728,constant_mortality,male,2086,13781.358
728,high_variant,female,2086,25515.627
728,high_variant,male,2086,25437.47
728,instant_replacement,female,2086,10381.499
728,instant_replacement,male,2086,10083.001
728,low_variant,female,2086,14881.551
728,low_variant,male,2086,14577.602
728,medium_variant,female,2086,19689.659
728,medium_variant,male,2086,19483.465
728,momentum,female,2086,8910.733
728,momentum,male,2086,8941.156
728,no_change,female,2086,34538.027
728,no_change,male,2086,35145.33
728,zero_migration,female,2086,19572.296
728,zero_migration,male,2086,19367.335
728,constant_fertility,female,2087,51545.001
728,constant_fertility,male,2087,52162.752
728,constant_mortality,female,2087,13688.692
728,constant_mortality,male,2087,13781.324
728,high_variant,female,2087,25858.337
728,high_variant,male,2087,25767.989
728,instant_replacement,female,2087,10396.159
728,instant_replacement,male,2087,10091.299
728,low_variant,female,2087,14909.696
728,low_variant,male,2087,14590.561
728,medium_variant,female,2087,19846.864
728,medium_variant,male,2087,19626.144
728,momentum,female,2087,8906.905
728,momentum,male,2087,8937.619
728,no_change,female,2087,35382.771
728,no_change,male,2087,36005.297
728,zero_migration,female,2087,19730.093
728,zero_migration,male,2087,19510.677
728,constant_fertility,female,2088,53194.069
728,constant_fertility,male,2088,53834.646
728,constant_mortality,female,2088,13688.123
728,constant_mortality,male,2088,13777.73
728,high_variant,female,2088,26200.632
728,high_variant,male,2088,26097.912
728,instant_replacement,female,2088,10410.911
728,instant_replacement,male,2088,10100.33
728,low_variant,female,2088,14933.858
728,low_variant,male,2088,14599.634
728,medium_variant,female,2088,20000.95
728,medium_variant,male,2088,19765.63
728,momentum,female,2088,8903.997
728,momentum,male,2088,8935.118
728,no_change,female,2088,36248.245
728,no_change,male,2088,36886.326
728,zero_migration,female,2088,19884.775
728,zero_migration,male,2088,19650.831
728,constant_fertility,female,2089,54896.919
728,constant_fertility,male,2089,55561.767
728,constant_mortality,female,2089,13684.029
728,constant_mortality,male,2089,13770.555
728,high_variant,female,2089,26542.372
728,high_variant,male,2089,26427.148
728,instant_replacement,female,2089,10425.848
728,instant_replacement,male,2089,10110.228
728,low_variant,female,2089,14954.112
728,low_variant,male,2089,14604.923
728,medium_variant,female,2089,20151.87
728,medium_variant,male,2089,19901.921
728,momentum,female,2089,8902.018
728,momentum,male,2089,8933.639
728,no_change,female,2089,37134.936
728,no_change,male,2089,37788.894
728,zero_migration,female,2089,20036.3
728,zero_migration,male,2089,19787.803
728,constant_fertility,female,2090,56655.33
728,constant_fertility,male,2090,57346.045
728,constant_mortality,female,2090,13676.426
728,constant_mortality,male,2090,13759.863
728,high_variant,female,2090,26883.452
728,high_variant,male,2090,26755.628
728,instant_replacement,female,2090,10441.059
728,instant_replacement,male,2090,10121.1
728,low_variant,female,2090,14970.502
728,low_variant,male,2090,14606.551
728,medium_variant,female,2090,20299.598
728,medium_variant,male,2090,20035.033
728,momentum,female,2090,8900.942
728,momentum,male,2090,8933.167
728,no_change,female,2090,38043.334
728,no_change,male,2090,38713.51
728,zero_migration,female,2090,20184.639
728,zero_migration,male,2090,19921.591
728,constant_fertility,female,2091,58471.13
728,constant_fertility,male,2091,59189.423
728,constant_mortality,female,2091,13665.366
728,constant_mortality,male,2091,13745.69
728,high_variant,female,2091,27223.784
728,high_variant,male,2091,27083.302
728,instant_replacement,female,2091,10456.595
728,instant_replacement,male,2091,10133.018
728,low_variant,female,2091,14983.082
728,low_variant,male,2091,14604.599
728,medium_variant,female,2091,20444.092
728,medium_variant,male,2091,20164.974
728,momentum,female,2091,8900.748
728,momentum,male,2091,8933.661
728,no_change,female,2091,38973.973
728,no_change,male,2091,39660.718
728,zero_migration,female,2091,20329.758
728,zero_migration,male,2091,20052.214
728,constant_fertility,female,2092,60346.149
728,constant_fertility,male,2092,61093.829
728,constant_mortality,female,2092,13650.909
728,constant_mortality,male,2092,13728.087
728,high_variant,female,2092,27563.315
728,high_variant,male,2092,27410.173
728,instant_replacement,female,2092,10472.539
728,instant_replacement,male,2092,10145.993
728,low_variant,female,2092,14991.902
728,low_variant,male,2092,14599.156
728,medium_variant,female,2092,20585.346
728,medium_variant,male,2092,20291.764
728,momentum,female,2092,8901.413
728,momentum,male,2092,8935.059
728,no_change,female,2092,39927.377
728,no_change,male,2092,40631.054
728,zero_migration,female,2092,20471.63
728,zero_migration,male,2092,20179.685
728,constant_fertility,female,2093,62282.29
728,constant_fertility,male,2093,63061.22
728,constant_mortality,female,2093,13633.13
728,constant_mortality,male,2093,13707.16
728,high_variant,female,2093,27902.026
728,high_variant,male,2093,27736.244
728,instant_replacement,female,2093,10488.896
728,instant_replacement,male,2093,10160.034
728,low_variant,female,2093,14997.002
728,low_variant,male,2093,14590.301
728,medium_variant,female,2093,20723.335
728,medium_variant,male,2093,20415.412
728,momentum,female,2093,8902.887
728,momentum,male,2093,8937.321
728,no_change,female,2093,40904.125
728,no_change,male,2093,41625.11
728,zero_migration,female,2093,20610.234
728,zero_migration,male,2093,20304.019
728,constant_fertility,female,2094,64281.5
728,constant_fertility,male,2094,65093.604
728,constant_mortality,female,2094,13612.106
728,constant_mortality,male,2094,13682.973
728,high_variant,female,2094,28239.903
728,high_variant,male,2094,28061.538
728,instant_replacement,female,2094,10505.685
728,instant_replacement,male,2094,10175.1
728,low_variant,female,2094,14998.423
728,low_variant,male,2094,14578.115
728,medium_variant,female,2094,20858.034
728,medium_variant,male,2094,20535.956
728,momentum,female,2094,8905.104
728,momentum,male,2094,8940.323
728,no_change,female,2094,41904.79
728,no_change,male,2094,42643.455
728,zero_migration,female,2094,20745.565
728,zero_migration,male,2094,20425.247
728,constant_fertility,female,2095,66345.779
728,constant_fertility,male,2095,67193.08
728,constant_mortality,female,2095,13587.916
728,constant_mortality,male,2095,13655.633
728,high_variant,female,2095,28576.959
728,high_variant,male,2095,28386.114
728,instant_replacement,female,2095,10522.904
728,instant_replacement,male,2095,10191.121
728,low_variant,female,2095,14996.23
728,low_variant,male,2095,14562.694
728,medium_variant,female,2095,20989.461
728,medium_variant,male,2095,20653.419
728,momentum,female,2095,8907.911
728,momentum,male,2095,8943.946
728,no_change,female,2095,42929.949
728,no_change,male,2095,43686.707
728,zero_migration,female,2095,20877.619
728,zero_migration,male,2095,20543.394
728,constant_fertility,female,2096,68477.196
728,constant_fertility,male,2096,69361.79
728,constant_mortality,female,2096,13560.647
728,constant_mortality,male,2096,13625.215
728,high_variant,female,2096,28913.197
728,high_variant,male,2096,28710.02
728,instant_replacement,female,2096,10540.52
728,instant_replacement,male,2096,10208.013
728,low_variant,female,2096,14990.47
728,low_variant,male,2096,14544.13
728,medium_variant,female,2096,21117.608
728,medium_variant,male,2096,20767.857
728,momentum,female,2096,8911.185
728,momentum,male,2096,8947.982
728,no_change,female,2096,43980.2
728,no_change,male,2096,44755.457
728,zero_migration,female,2096,21006.39
728,zero_migration,male,2096,20658.518
728,constant_fertility,female,2097,70677.911
728,constant_fertility,male,2097,71602.017
728,constant_mortality,female,2097,13530.363
728,constant_mortality,male,2097,13591.8
728,high_variant,female,2097,29248.644
728,high_variant,male,2097,29033.339
728,instant_replacement,female,2097,10558.483
728,instant_replacement,male,2097,10225.66
728,low_variant,female,2097,14981.233
728,low_variant,male,2097,14522.542
728,medium_variant,female,2097,21242.486
728,medium_variant,male,2097,20879.327
728,momentum,female,2097,8914.681
728,momentum,male,2097,8952.184
728,no_change,female,2097,45056.146
728,no_change,male,2097,45850.346
728,zero_migration,female,2097,21131.894
728,zero_migration,male,2097,20770.661
728,constant_fertility,female,2098,72950.108
728,constant_fertility,male,2098,73916.101
728,constant_mortality,female,2098,13497.132
728,constant_mortality,male,2098,13555.462
728,high_variant,female,2098,29583.333
728,high_variant,male,2098,29356.167
728,instant_replacement,female,2098,10576.705
728,instant_replacement,male,2098,10243.916
728,low_variant,female,2098,14968.582
728,low_variant,male,2098,14498.071
728,medium_variant,female,2098,21364.119
728,medium_variant,male,2098,20987.902
728,momentum,female,2098,8918.145
728,momentum,male,2098,8956.283
728,no_change,female,2098,46158.404
728,no_change,male,2098,46971.99
728,zero_migration,female,2098,21254.152
728,zero_migration,male,2098,20879.907
728,constant_fertility,female,2099,75296.085
728,constant_fertility,male,2099,76306.472
728,constant_mortality,female,2099,13461.006
728,constant_mortality,male,2099,13516.259
728,high_variant,female,2099,29917.293
728,high_variant,male,2099,29678.6
728,instant_replacement,female,2099,10595.1
728,instant_replacement,male,2099,10262.607
728,low_variant,female,2099,14952.625
728,low_variant,male,2099,14470.843
728,medium_variant,female,2099,21482.522
728,medium_variant,male,2099,21093.663
728,momentum,female,2099,8921.256
728,momentum,male,2099,8959.889
728,no_change,female,2099,47287.608
728,no_change,male,2099,48121.035
728,zero_migration,female,2099,21373.191
728,zero_migration,male,2099,20986.339
728,constant_fertility,female,2100,77718.17
728,constant_fertility,male,2100,78775.66
728,constant_mortality,female,2100,13422.073
728,constant_mortality,male,2100,13474.275
728,high_variant,female,2100,30250.589
728,high_variant,male,2100,30000.777
728,instant_replacement,female,2100,10613.538
728,instant_replacement,male,2100,10281.54
728,low_variant,female,2100,14933.447
728,low_variant,male,2100,14441.007
728,medium_variant,female,2100,21597.749
728,medium_variant,male,2100,21196.697
728,momentum,female,2100,8923.659
728,momentum,male,2100,8962.642
728,no_change,female,2100,48444.376
728,no_change,male,2100,49298.119
728,zero_migration,female,2100,21489.042
728,zero_migration,male,2100,21090.048
728,constant_fertility,female,"Region, subregion, country or area *",South Sudan
728,constant_fertility,male,"Region, subregion, country or area *",South Sudan
728,constant_mortality,female,"Region, subregion, country or area *",South Sudan
728,constant_mortality,male,"Region, subregion, country or area *",South Sudan
728,estimates,female,"Region, subregion, country or area *",South Sudan
728,estimates,male,"Region, subregion, country or area *",South Sudan
728,high_variant,female,"Region, subregion, country or area *",South Sudan
728,high_variant,male,"Region, subregion, country or area *",South Sudan
728,instant_replacement,female,"Region, subregion, country or area *",South Sudan
728,instant_replacement,male,"Region, subregion, country or area *",South Sudan
728,low_variant,female,"Region, subregion, country or area *",South Sudan
728,low_variant,male,"Region, subregion, country or area *",South Sudan
728,medium_variant,female,"Region, subregion, country or area *",South Sudan
728,medium_variant,male,"Region, subregion, country or area *",South Sudan
728,momentum,female,"Region, subregion, country or area *",South Sudan
728,momentum,male,"Region, subregion, country or area *",South Sudan
728,no_change,female,"Region, subregion, country or area *",South Sudan
728,no_change,male,"Region, subregion, country or area *",South Sudan
728,zero_migration,female,"Region, subregion, country or area *",South Sudan
728,zero_migration,male,"Region, subregion, country or area *",South Sudan
