country,year,variant,gender,freq,age5yearinterval,totaldeaths
434,1950,estimates,female,5yearly,"Region, subregion, country or area *",Libya
434,1950,estimates,male,5yearly,"Region, subregion, country or area *",Libya
434,1950,estimates,female,5yearly,0_4,46.871
434,1950,estimates,male,5yearly,0_4,55.034
434,1950,estimates,female,5yearly,5_9,2.32
434,1950,estimates,male,5yearly,5_9,2.373
434,1950,estimates,female,5yearly,10_14,1.436
434,1950,estimates,male,5yearly,10_14,1.266
434,1950,estimates,female,5yearly,15_19,1.593
434,1950,estimates,male,5yearly,15_19,1.514
434,1950,estimates,female,5yearly,20_24,1.941
434,1950,estimates,male,5yearly,20_24,1.984
434,1950,estimates,female,5yearly,25_29,2.042
434,1950,estimates,male,5yearly,25_29,1.943
434,1950,estimates,female,5yearly,30_34,1.938
434,1950,estimates,male,5yearly,30_34,1.807
434,1950,estimates,female,5yearly,35_39,1.745
434,1950,estimates,male,5yearly,35_39,1.819
434,1950,estimates,female,5yearly,40_44,1.562
434,1950,estimates,male,5yearly,40_44,1.999
434,1950,estimates,female,5yearly,45_49,1.501
434,1950,estimates,male,5yearly,45_49,2.136
434,1950,estimates,female,5yearly,50_54,1.695
434,1950,estimates,male,5yearly,50_54,2.407
434,1950,estimates,female,5yearly,55_59,2.159
434,1950,estimates,male,5yearly,55_59,3.069
434,1950,estimates,female,5yearly,60_64,2.771
434,1950,estimates,male,5yearly,60_64,3.831
434,1950,estimates,female,5yearly,65_69,3.294
434,1950,estimates,male,5yearly,65_69,4.481
434,1950,estimates,female,5yearly,70_74,3.731
434,1950,estimates,male,5yearly,70_74,4.908
434,1950,estimates,female,5yearly,75_79,3.174
434,1950,estimates,male,5yearly,75_79,4.339
434,1950,estimates,female,5yearly,80_84,1.694
434,1950,estimates,male,5yearly,80_84,2.624
434,1950,estimates,female,5yearly,85_89,0.622
434,1950,estimates,male,5yearly,85_89,1.055
434,1950,estimates,female,5yearly,90_94,0.179
434,1950,estimates,male,5yearly,90_94,0.299
434,1950,estimates,female,5yearly,95plus,0.039
434,1950,estimates,male,5yearly,95plus,0.057
434,1955,estimates,female,5yearly,"Region, subregion, country or area *",Libya
434,1955,estimates,male,5yearly,"Region, subregion, country or area *",Libya
434,1955,estimates,female,5yearly,0_4,49.394
434,1955,estimates,male,5yearly,0_4,57.309
434,1955,estimates,female,5yearly,5_9,2.56
434,1955,estimates,male,5yearly,5_9,2.52
434,1955,estimates,female,5yearly,10_14,1.475
434,1955,estimates,male,5yearly,10_14,1.374
434,1955,estimates,female,5yearly,15_19,1.671
434,1955,estimates,male,5yearly,15_19,1.662
434,1955,estimates,female,5yearly,20_24,2.004
434,1955,estimates,male,5yearly,20_24,2.096
434,1955,estimates,female,5yearly,25_29,2.093
434,1955,estimates,male,5yearly,25_29,2.056
434,1955,estimates,female,5yearly,30_34,2.082
434,1955,estimates,male,5yearly,30_34,2.027
434,1955,estimates,female,5yearly,35_39,1.923
434,1955,estimates,male,5yearly,35_39,2.078
434,1955,estimates,female,5yearly,40_44,1.691
434,1955,estimates,male,5yearly,40_44,2.103
434,1955,estimates,female,5yearly,45_49,1.6
434,1955,estimates,male,5yearly,45_49,2.282
434,1955,estimates,female,5yearly,50_54,1.756
434,1955,estimates,male,5yearly,50_54,2.455
434,1955,estimates,female,5yearly,55_59,2.132
434,1955,estimates,male,5yearly,55_59,2.781
434,1955,estimates,female,5yearly,60_64,2.675
434,1955,estimates,male,5yearly,60_64,3.531
434,1955,estimates,female,5yearly,65_69,3.165
434,1955,estimates,male,5yearly,65_69,4.226
434,1955,estimates,female,5yearly,70_74,3.271
434,1955,estimates,male,5yearly,70_74,4.421
434,1955,estimates,female,5yearly,75_79,2.998
434,1955,estimates,male,5yearly,75_79,3.968
434,1955,estimates,female,5yearly,80_84,1.878
434,1955,estimates,male,5yearly,80_84,2.587
434,1955,estimates,female,5yearly,85_89,0.626
434,1955,estimates,male,5yearly,85_89,0.985
434,1955,estimates,female,5yearly,90_94,0.136
434,1955,estimates,male,5yearly,90_94,0.224
434,1955,estimates,female,5yearly,95plus,0.027
434,1955,estimates,male,5yearly,95plus,0.039
434,1960,estimates,female,5yearly,"Region, subregion, country or area *",Libya
434,1960,estimates,male,5yearly,"Region, subregion, country or area *",Libya
434,1960,estimates,female,5yearly,0_4,40.886
434,1960,estimates,male,5yearly,0_4,47.505
434,1960,estimates,female,5yearly,5_9,2.146
434,1960,estimates,male,5yearly,5_9,2.057
434,1960,estimates,female,5yearly,10_14,1.268
434,1960,estimates,male,5yearly,10_14,1.199
434,1960,estimates,female,5yearly,15_19,1.372
434,1960,estimates,male,5yearly,15_19,1.515
434,1960,estimates,female,5yearly,20_24,1.672
434,1960,estimates,male,5yearly,20_24,1.919
434,1960,estimates,female,5yearly,25_29,1.742
434,1960,estimates,male,5yearly,25_29,1.851
434,1960,estimates,female,5yearly,30_34,1.741
434,1960,estimates,male,5yearly,30_34,1.832
434,1960,estimates,female,5yearly,35_39,1.707
434,1960,estimates,male,5yearly,35_39,1.978
434,1960,estimates,female,5yearly,40_44,1.575
434,1960,estimates,male,5yearly,40_44,2.06
434,1960,estimates,female,5yearly,45_49,1.503
434,1960,estimates,male,5yearly,45_49,2.121
434,1960,estimates,female,5yearly,50_54,1.634
434,1960,estimates,male,5yearly,50_54,2.379
434,1960,estimates,female,5yearly,55_59,1.928
434,1960,estimates,male,5yearly,55_59,2.624
434,1960,estimates,female,5yearly,60_64,2.338
434,1960,estimates,male,5yearly,60_64,2.991
434,1960,estimates,female,5yearly,65_69,2.776
434,1960,estimates,male,5yearly,65_69,3.67
434,1960,estimates,female,5yearly,70_74,2.964
434,1960,estimates,male,5yearly,70_74,4.003
434,1960,estimates,female,5yearly,75_79,2.585
434,1960,estimates,male,5yearly,75_79,3.524
434,1960,estimates,female,5yearly,80_84,1.779
434,1960,estimates,male,5yearly,80_84,2.384
434,1960,estimates,female,5yearly,85_89,0.746
434,1960,estimates,male,5yearly,85_89,1.021
434,1960,estimates,female,5yearly,90_94,0.157
434,1960,estimates,male,5yearly,90_94,0.23
434,1960,estimates,female,5yearly,95plus,0.017
434,1960,estimates,male,5yearly,95plus,0.024
434,1965,estimates,female,5yearly,"Region, subregion, country or area *",Libya
434,1965,estimates,male,5yearly,"Region, subregion, country or area *",Libya
434,1965,estimates,female,5yearly,0_4,36.682
434,1965,estimates,male,5yearly,0_4,42.702
434,1965,estimates,female,5yearly,5_9,1.795
434,1965,estimates,male,5yearly,5_9,1.785
434,1965,estimates,female,5yearly,10_14,1.126
434,1965,estimates,male,5yearly,10_14,1.093
434,1965,estimates,female,5yearly,15_19,1.203
434,1965,estimates,male,5yearly,15_19,1.379
434,1965,estimates,female,5yearly,20_24,1.369
434,1965,estimates,male,5yearly,20_24,1.74
434,1965,estimates,female,5yearly,25_29,1.452
434,1965,estimates,male,5yearly,25_29,1.703
434,1965,estimates,female,5yearly,30_34,1.469
434,1965,estimates,male,5yearly,30_34,1.655
434,1965,estimates,female,5yearly,35_39,1.473
434,1965,estimates,male,5yearly,35_39,1.807
434,1965,estimates,female,5yearly,40_44,1.47
434,1965,estimates,male,5yearly,40_44,2.023
434,1965,estimates,female,5yearly,45_49,1.487
434,1965,estimates,male,5yearly,45_49,2.198
434,1965,estimates,female,5yearly,50_54,1.609
434,1965,estimates,male,5yearly,50_54,2.373
434,1965,estimates,female,5yearly,55_59,1.872
434,1965,estimates,male,5yearly,55_59,2.714
434,1965,estimates,female,5yearly,60_64,2.246
434,1965,estimates,male,5yearly,60_64,2.99
434,1965,estimates,female,5yearly,65_69,2.644
434,1965,estimates,male,5yearly,65_69,3.305
434,1965,estimates,female,5yearly,70_74,2.893
434,1965,estimates,male,5yearly,70_74,3.735
434,1965,estimates,female,5yearly,75_79,2.66
434,1965,estimates,male,5yearly,75_79,3.482
434,1965,estimates,female,5yearly,80_84,1.792
434,1965,estimates,male,5yearly,80_84,2.366
434,1965,estimates,female,5yearly,85_89,0.821
434,1965,estimates,male,5yearly,85_89,1.065
434,1965,estimates,female,5yearly,90_94,0.221
434,1965,estimates,male,5yearly,90_94,0.277
434,1965,estimates,female,5yearly,95plus,0.023
434,1965,estimates,male,5yearly,95plus,0.03
434,1970,estimates,female,5yearly,"Region, subregion, country or area *",Libya
434,1970,estimates,male,5yearly,"Region, subregion, country or area *",Libya
434,1970,estimates,female,5yearly,0_4,30.904
434,1970,estimates,male,5yearly,0_4,37.956
434,1970,estimates,female,5yearly,5_9,1.565
434,1970,estimates,male,5yearly,5_9,1.697
434,1970,estimates,female,5yearly,10_14,0.975
434,1970,estimates,male,5yearly,10_14,1.083
434,1970,estimates,female,5yearly,15_19,1.085
434,1970,estimates,male,5yearly,15_19,1.367
434,1970,estimates,female,5yearly,20_24,1.187
434,1970,estimates,male,5yearly,20_24,1.661
434,1970,estimates,female,5yearly,25_29,1.162
434,1970,estimates,male,5yearly,25_29,1.607
434,1970,estimates,female,5yearly,30_34,1.211
434,1970,estimates,male,5yearly,30_34,1.581
434,1970,estimates,female,5yearly,35_39,1.253
434,1970,estimates,male,5yearly,35_39,1.707
434,1970,estimates,female,5yearly,40_44,1.304
434,1970,estimates,male,5yearly,40_44,1.966
434,1970,estimates,female,5yearly,45_49,1.443
434,1970,estimates,male,5yearly,45_49,2.326
434,1970,estimates,female,5yearly,50_54,1.632
434,1970,estimates,male,5yearly,50_54,2.644
434,1970,estimates,female,5yearly,55_59,1.876
434,1970,estimates,male,5yearly,55_59,2.886
434,1970,estimates,female,5yearly,60_64,2.244
434,1970,estimates,male,5yearly,60_64,3.258
434,1970,estimates,female,5yearly,65_69,2.669
434,1970,estimates,male,5yearly,65_69,3.486
434,1970,estimates,female,5yearly,70_74,2.95
434,1970,estimates,male,5yearly,70_74,3.581
434,1970,estimates,female,5yearly,75_79,2.814
434,1970,estimates,male,5yearly,75_79,3.484
434,1970,estimates,female,5yearly,80_84,2.031
434,1970,estimates,male,5yearly,80_84,2.538
434,1970,estimates,female,5yearly,85_89,0.929
434,1970,estimates,male,5yearly,85_89,1.165
434,1970,estimates,female,5yearly,90_94,0.27
434,1970,estimates,male,5yearly,90_94,0.316
434,1970,estimates,female,5yearly,95plus,0.045
434,1970,estimates,male,5yearly,95plus,0.048
434,1975,estimates,female,5yearly,"Region, subregion, country or area *",Libya
434,1975,estimates,male,5yearly,"Region, subregion, country or area *",Libya
434,1975,estimates,female,5yearly,0_4,24.727
434,1975,estimates,male,5yearly,0_4,30.269
434,1975,estimates,female,5yearly,5_9,1.34
434,1975,estimates,male,5yearly,5_9,1.533
434,1975,estimates,female,5yearly,10_14,0.908
434,1975,estimates,male,5yearly,10_14,1.093
434,1975,estimates,female,5yearly,15_19,1.005
434,1975,estimates,male,5yearly,15_19,1.383
434,1975,estimates,female,5yearly,20_24,1.109
434,1975,estimates,male,5yearly,20_24,1.646
434,1975,estimates,female,5yearly,25_29,1.04
434,1975,estimates,male,5yearly,25_29,1.544
434,1975,estimates,female,5yearly,30_34,1.014
434,1975,estimates,male,5yearly,30_34,1.482
434,1975,estimates,female,5yearly,35_39,1.101
434,1975,estimates,male,5yearly,35_39,1.611
434,1975,estimates,female,5yearly,40_44,1.202
434,1975,estimates,male,5yearly,40_44,1.877
434,1975,estimates,female,5yearly,45_49,1.391
434,1975,estimates,male,5yearly,45_49,2.325
434,1975,estimates,female,5yearly,50_54,1.683
434,1975,estimates,male,5yearly,50_54,2.886
434,1975,estimates,female,5yearly,55_59,1.999
434,1975,estimates,male,5yearly,55_59,3.298
434,1975,estimates,female,5yearly,60_64,2.379
434,1975,estimates,male,5yearly,60_64,3.536
434,1975,estimates,female,5yearly,65_69,2.858
434,1975,estimates,male,5yearly,65_69,3.873
434,1975,estimates,female,5yearly,70_74,3.215
434,1975,estimates,male,5yearly,70_74,3.884
434,1975,estimates,female,5yearly,75_79,3.121
434,1975,estimates,male,5yearly,75_79,3.458
434,1975,estimates,female,5yearly,80_84,2.343
434,1975,estimates,male,5yearly,80_84,2.65
434,1975,estimates,female,5yearly,85_89,1.159
434,1975,estimates,male,5yearly,85_89,1.33
434,1975,estimates,female,5yearly,90_94,0.338
434,1975,estimates,male,5yearly,90_94,0.375
434,1975,estimates,female,5yearly,95plus,0.055
434,1975,estimates,male,5yearly,95plus,0.056
434,1980,estimates,female,5yearly,"Region, subregion, country or area *",Libya
434,1980,estimates,male,5yearly,"Region, subregion, country or area *",Libya
434,1980,estimates,female,5yearly,0_4,18.776
434,1980,estimates,male,5yearly,0_4,22.94
434,1980,estimates,female,5yearly,5_9,1.05
434,1980,estimates,male,5yearly,5_9,1.282
434,1980,estimates,female,5yearly,10_14,0.832
434,1980,estimates,male,5yearly,10_14,1.096
434,1980,estimates,female,5yearly,15_19,0.99
434,1980,estimates,male,5yearly,15_19,1.496
434,1980,estimates,female,5yearly,20_24,1.057
434,1980,estimates,male,5yearly,20_24,1.754
434,1980,estimates,female,5yearly,25_29,0.99
434,1980,estimates,male,5yearly,25_29,1.63
434,1980,estimates,female,5yearly,30_34,0.937
434,1980,estimates,male,5yearly,30_34,1.498
434,1980,estimates,female,5yearly,35_39,0.971
434,1980,estimates,male,5yearly,35_39,1.563
434,1980,estimates,female,5yearly,40_44,1.134
434,1980,estimates,male,5yearly,40_44,1.84
434,1980,estimates,female,5yearly,45_49,1.376
434,1980,estimates,male,5yearly,45_49,2.33
434,1980,estimates,female,5yearly,50_54,1.703
434,1980,estimates,male,5yearly,50_54,3.021
434,1980,estimates,female,5yearly,55_59,2.14
434,1980,estimates,male,5yearly,55_59,3.733
434,1980,estimates,female,5yearly,60_64,2.641
434,1980,estimates,male,5yearly,60_64,4.153
434,1980,estimates,female,5yearly,65_69,3.187
434,1980,estimates,male,5yearly,65_69,4.31
434,1980,estimates,female,5yearly,70_74,3.638
434,1980,estimates,male,5yearly,70_74,4.43
434,1980,estimates,female,5yearly,75_79,3.607
434,1980,estimates,male,5yearly,75_79,3.888
434,1980,estimates,female,5yearly,80_84,2.772
434,1980,estimates,male,5yearly,80_84,2.738
434,1980,estimates,female,5yearly,85_89,1.422
434,1980,estimates,male,5yearly,85_89,1.449
434,1980,estimates,female,5yearly,90_94,0.448
434,1980,estimates,male,5yearly,90_94,0.453
434,1980,estimates,female,5yearly,95plus,0.078
434,1980,estimates,male,5yearly,95plus,0.068
434,1985,estimates,female,5yearly,"Region, subregion, country or area *",Libya
434,1985,estimates,male,5yearly,"Region, subregion, country or area *",Libya
434,1985,estimates,female,5yearly,0_4,15.26
434,1985,estimates,male,5yearly,0_4,18.631
434,1985,estimates,female,5yearly,5_9,0.874
434,1985,estimates,male,5yearly,5_9,1.101
434,1985,estimates,female,5yearly,10_14,0.777
434,1985,estimates,male,5yearly,10_14,1.068
434,1985,estimates,female,5yearly,15_19,1.013
434,1985,estimates,male,5yearly,15_19,1.58
434,1985,estimates,female,5yearly,20_24,1.122
434,1985,estimates,male,5yearly,20_24,1.843
434,1985,estimates,female,5yearly,25_29,1.018
434,1985,estimates,male,5yearly,25_29,1.689
434,1985,estimates,female,5yearly,30_34,0.974
434,1985,estimates,male,5yearly,30_34,1.627
434,1985,estimates,female,5yearly,35_39,0.989
434,1985,estimates,male,5yearly,35_39,1.672
434,1985,estimates,female,5yearly,40_44,1.107
434,1985,estimates,male,5yearly,40_44,1.897
434,1985,estimates,female,5yearly,45_49,1.412
434,1985,estimates,male,5yearly,45_49,2.424
434,1985,estimates,female,5yearly,50_54,1.787
434,1985,estimates,male,5yearly,50_54,3.175
434,1985,estimates,female,5yearly,55_59,2.267
434,1985,estimates,male,5yearly,55_59,4.046
434,1985,estimates,female,5yearly,60_64,2.961
434,1985,estimates,male,5yearly,60_64,4.824
434,1985,estimates,female,5yearly,65_69,3.713
434,1985,estimates,male,5yearly,65_69,5.204
434,1985,estimates,female,5yearly,70_74,4.255
434,1985,estimates,male,5yearly,70_74,5.087
434,1985,estimates,female,5yearly,75_79,4.286
434,1985,estimates,male,5yearly,75_79,4.582
434,1985,estimates,female,5yearly,80_84,3.365
434,1985,estimates,male,5yearly,80_84,3.23
434,1985,estimates,female,5yearly,85_89,1.775
434,1985,estimates,male,5yearly,85_89,1.573
434,1985,estimates,female,5yearly,90_94,0.574
434,1985,estimates,male,5yearly,90_94,0.514
434,1985,estimates,female,5yearly,95plus,0.103
434,1985,estimates,male,5yearly,95plus,0.091
434,1990,estimates,female,5yearly,"Region, subregion, country or area *",Libya
434,1990,estimates,male,5yearly,"Region, subregion, country or area *",Libya
434,1990,estimates,female,5yearly,0_4,11.255
434,1990,estimates,male,5yearly,0_4,13.742
434,1990,estimates,female,5yearly,5_9,0.697
434,1990,estimates,male,5yearly,5_9,0.9
434,1990,estimates,female,5yearly,10_14,0.666
434,1990,estimates,male,5yearly,10_14,0.95
434,1990,estimates,female,5yearly,15_19,0.947
434,1990,estimates,male,5yearly,15_19,1.54
434,1990,estimates,female,5yearly,20_24,1.149
434,1990,estimates,male,5yearly,20_24,1.848
434,1990,estimates,female,5yearly,25_29,1.088
434,1990,estimates,male,5yearly,25_29,1.612
434,1990,estimates,female,5yearly,30_34,1.007
434,1990,estimates,male,5yearly,30_34,1.516
434,1990,estimates,female,5yearly,35_39,1.041
434,1990,estimates,male,5yearly,35_39,1.697
434,1990,estimates,female,5yearly,40_44,1.15
434,1990,estimates,male,5yearly,40_44,1.989
434,1990,estimates,female,5yearly,45_49,1.402
434,1990,estimates,male,5yearly,45_49,2.492
434,1990,estimates,female,5yearly,50_54,1.841
434,1990,estimates,male,5yearly,50_54,3.3
434,1990,estimates,female,5yearly,55_59,2.374
434,1990,estimates,male,5yearly,55_59,4.241
434,1990,estimates,female,5yearly,60_64,3.137
434,1990,estimates,male,5yearly,60_64,5.204
434,1990,estimates,female,5yearly,65_69,4.19
434,1990,estimates,male,5yearly,65_69,6.038
434,1990,estimates,female,5yearly,70_74,5.016
434,1990,estimates,male,5yearly,70_74,6.19
434,1990,estimates,female,5yearly,75_79,5.102
434,1990,estimates,male,5yearly,75_79,5.355
434,1990,estimates,female,5yearly,80_84,4.103
434,1990,estimates,male,5yearly,80_84,3.891
434,1990,estimates,female,5yearly,85_89,2.223
434,1990,estimates,male,5yearly,85_89,1.941
434,1990,estimates,female,5yearly,90_94,0.744
434,1990,estimates,male,5yearly,90_94,0.582
434,1990,estimates,female,5yearly,95plus,0.137
434,1990,estimates,male,5yearly,95plus,0.104
434,1995,estimates,female,5yearly,"Region, subregion, country or area *",Libya
434,1995,estimates,male,5yearly,"Region, subregion, country or area *",Libya
434,1995,estimates,female,5yearly,0_4,9.415
434,1995,estimates,male,5yearly,0_4,11.512
434,1995,estimates,female,5yearly,5_9,0.631
434,1995,estimates,male,5yearly,5_9,0.823
434,1995,estimates,female,5yearly,10_14,0.645
434,1995,estimates,male,5yearly,10_14,0.931
434,1995,estimates,female,5yearly,15_19,0.913
434,1995,estimates,male,5yearly,15_19,1.512
434,1995,estimates,female,5yearly,20_24,1.212
434,1995,estimates,male,5yearly,20_24,1.977
434,1995,estimates,female,5yearly,25_29,1.263
434,1995,estimates,male,5yearly,25_29,1.814
434,1995,estimates,female,5yearly,30_34,1.209
434,1995,estimates,male,5yearly,30_34,1.6
434,1995,estimates,female,5yearly,35_39,1.193
434,1995,estimates,male,5yearly,35_39,1.684
434,1995,estimates,female,5yearly,40_44,1.31
434,1995,estimates,male,5yearly,40_44,2.102
434,1995,estimates,female,5yearly,45_49,1.53
434,1995,estimates,male,5yearly,45_49,2.68
434,1995,estimates,female,5yearly,50_54,1.898
434,1995,estimates,male,5yearly,50_54,3.464
434,1995,estimates,female,5yearly,55_59,2.529
434,1995,estimates,male,5yearly,55_59,4.53
434,1995,estimates,female,5yearly,60_64,3.4
434,1995,estimates,male,5yearly,60_64,5.616
434,1995,estimates,female,5yearly,65_69,4.624
434,1995,estimates,male,5yearly,65_69,6.734
434,1995,estimates,female,5yearly,70_74,5.909
434,1995,estimates,male,5yearly,70_74,7.457
434,1995,estimates,female,5yearly,75_79,6.289
434,1995,estimates,male,5yearly,75_79,6.794
434,1995,estimates,female,5yearly,80_84,5.107
434,1995,estimates,male,5yearly,80_84,4.751
434,1995,estimates,female,5yearly,85_89,2.847
434,1995,estimates,male,5yearly,85_89,2.424
434,1995,estimates,female,5yearly,90_94,0.976
434,1995,estimates,male,5yearly,90_94,0.755
434,1995,estimates,female,5yearly,95plus,0.19
434,1995,estimates,male,5yearly,95plus,0.125
434,2000,estimates,female,5yearly,"Region, subregion, country or area *",Libya
434,2000,estimates,male,5yearly,"Region, subregion, country or area *",Libya
434,2000,estimates,female,5yearly,0_4,8.315
434,2000,estimates,male,5yearly,0_4,10.813
434,2000,estimates,female,5yearly,5_9,0.499
434,2000,estimates,male,5yearly,5_9,0.725
434,2000,estimates,female,5yearly,10_14,0.541
434,2000,estimates,male,5yearly,10_14,0.873
434,2000,estimates,female,5yearly,15_19,0.858
434,2000,estimates,male,5yearly,15_19,1.512
434,2000,estimates,female,5yearly,20_24,1.19
434,2000,estimates,male,5yearly,20_24,2.078
434,2000,estimates,female,5yearly,25_29,1.346
434,2000,estimates,male,5yearly,25_29,2.068
434,2000,estimates,female,5yearly,30_34,1.408
434,2000,estimates,male,5yearly,30_34,1.936
434,2000,estimates,female,5yearly,35_39,1.435
434,2000,estimates,male,5yearly,35_39,1.935
434,2000,estimates,female,5yearly,40_44,1.503
434,2000,estimates,male,5yearly,40_44,2.149
434,2000,estimates,female,5yearly,45_49,1.715
434,2000,estimates,male,5yearly,45_49,2.757
434,2000,estimates,female,5yearly,50_54,2.006
434,2000,estimates,male,5yearly,50_54,3.543
434,2000,estimates,female,5yearly,55_59,2.533
434,2000,estimates,male,5yearly,55_59,4.561
434,2000,estimates,female,5yearly,60_64,3.552
434,2000,estimates,male,5yearly,60_64,5.922
434,2000,estimates,female,5yearly,65_69,4.97
434,2000,estimates,male,5yearly,65_69,7.28
434,2000,estimates,female,5yearly,70_74,6.545
434,2000,estimates,male,5yearly,70_74,8.413
434,2000,estimates,female,5yearly,75_79,7.497
434,2000,estimates,male,5yearly,75_79,8.34
434,2000,estimates,female,5yearly,80_84,6.434
434,2000,estimates,male,5yearly,80_84,6.178
434,2000,estimates,female,5yearly,85_89,3.633
434,2000,estimates,male,5yearly,85_89,3.044
434,2000,estimates,female,5yearly,90_94,1.286
434,2000,estimates,male,5yearly,90_94,0.959
434,2000,estimates,female,5yearly,95plus,0.253
434,2000,estimates,male,5yearly,95plus,0.162
434,2005,estimates,female,5yearly,"Region, subregion, country or area *",Libya
434,2005,estimates,male,5yearly,"Region, subregion, country or area *",Libya
434,2005,estimates,female,5yearly,0_4,7.459
434,2005,estimates,male,5yearly,0_4,10.802
434,2005,estimates,female,5yearly,5_9,0.422
434,2005,estimates,male,5yearly,5_9,0.641
434,2005,estimates,female,5yearly,10_14,0.42
434,2005,estimates,male,5yearly,10_14,0.752
434,2005,estimates,female,5yearly,15_19,0.676
434,2005,estimates,male,5yearly,15_19,1.434
434,2005,estimates,female,5yearly,20_24,0.997
434,2005,estimates,male,5yearly,20_24,2.03
434,2005,estimates,female,5yearly,25_29,1.2
434,2005,estimates,male,5yearly,25_29,2.106
434,2005,estimates,female,5yearly,30_34,1.372
434,2005,estimates,male,5yearly,30_34,2.163
434,2005,estimates,female,5yearly,35_39,1.528
434,2005,estimates,male,5yearly,35_39,2.347
434,2005,estimates,female,5yearly,40_44,1.676
434,2005,estimates,male,5yearly,40_44,2.597
434,2005,estimates,female,5yearly,45_49,1.828
434,2005,estimates,male,5yearly,45_49,2.943
434,2005,estimates,female,5yearly,50_54,2.073
434,2005,estimates,male,5yearly,50_54,3.67
434,2005,estimates,female,5yearly,55_59,2.454
434,2005,estimates,male,5yearly,55_59,4.577
434,2005,estimates,female,5yearly,60_64,3.269
434,2005,estimates,male,5yearly,60_64,5.815
434,2005,estimates,female,5yearly,65_69,4.829
434,2005,estimates,male,5yearly,65_69,7.631
434,2005,estimates,female,5yearly,70_74,6.626
434,2005,estimates,male,5yearly,70_74,9.115
434,2005,estimates,female,5yearly,75_79,7.936
434,2005,estimates,male,5yearly,75_79,9.453
434,2005,estimates,female,5yearly,80_84,7.425
434,2005,estimates,male,5yearly,80_84,7.623
434,2005,estimates,female,5yearly,85_89,4.551
434,2005,estimates,male,5yearly,85_89,4.009
434,2005,estimates,female,5yearly,90_94,1.661
434,2005,estimates,male,5yearly,90_94,1.218
434,2005,estimates,female,5yearly,95plus,0.346
434,2005,estimates,male,5yearly,95plus,0.207
434,2010,estimates,female,5yearly,"Region, subregion, country or area *",Libya
434,2010,estimates,male,5yearly,"Region, subregion, country or area *",Libya
434,2010,estimates,female,5yearly,0_4,7.704
434,2010,estimates,male,5yearly,0_4,11.141
434,2010,estimates,female,5yearly,5_9,0.432
434,2010,estimates,male,5yearly,5_9,0.67
434,2010,estimates,female,5yearly,10_14,0.401
434,2010,estimates,male,5yearly,10_14,0.874
434,2010,estimates,female,5yearly,15_19,0.613
434,2010,estimates,male,5yearly,15_19,2.002
434,2010,estimates,female,5yearly,20_24,0.933
434,2010,estimates,male,5yearly,20_24,2.916
434,2010,estimates,female,5yearly,25_29,1.178
434,2010,estimates,male,5yearly,25_29,2.917
434,2010,estimates,female,5yearly,30_34,1.435
434,2010,estimates,male,5yearly,30_34,3.013
434,2010,estimates,female,5yearly,35_39,1.762
434,2010,estimates,male,5yearly,35_39,3.421
434,2010,estimates,female,5yearly,40_44,2.118
434,2010,estimates,male,5yearly,40_44,3.779
434,2010,estimates,female,5yearly,45_49,2.416
434,2010,estimates,male,5yearly,45_49,3.93
434,2010,estimates,female,5yearly,50_54,2.599
434,2010,estimates,male,5yearly,50_54,4.256
434,2010,estimates,female,5yearly,55_59,2.954
434,2010,estimates,male,5yearly,55_59,5.11
434,2010,estimates,female,5yearly,60_64,3.648
434,2010,estimates,male,5yearly,60_64,6.08
434,2010,estimates,female,5yearly,65_69,5.053
434,2010,estimates,male,5yearly,65_69,7.591
434,2010,estimates,female,5yearly,70_74,7.255
434,2010,estimates,male,5yearly,70_74,9.601
434,2010,estimates,female,5yearly,75_79,8.997
434,2010,estimates,male,5yearly,75_79,10.227
434,2010,estimates,female,5yearly,80_84,8.786
434,2010,estimates,male,5yearly,80_84,8.621
434,2010,estimates,female,5yearly,85_89,5.868
434,2010,estimates,male,5yearly,85_89,4.935
434,2010,estimates,female,5yearly,90_94,2.338
434,2010,estimates,male,5yearly,90_94,1.625
434,2010,estimates,female,5yearly,95plus,0.502
434,2010,estimates,male,5yearly,95plus,0.271
434,2015,constant_fertility,female,5yearly,"Region, subregion, country or area *",Libya
434,2015,constant_fertility,male,5yearly,"Region, subregion, country or area *",Libya
434,2015,high_variant,female,5yearly,"Region, subregion, country or area *",Libya
434,2015,high_variant,male,5yearly,"Region, subregion, country or area *",Libya
434,2015,low_variant,female,5yearly,"Region, subregion, country or area *",Libya
434,2015,low_variant,male,5yearly,"Region, subregion, country or area *",Libya
434,2015,medium_variant,female,5yearly,"Region, subregion, country or area *",Libya
434,2015,medium_variant,male,5yearly,"Region, subregion, country or area *",Libya
434,2015,constant_fertility,female,5yearly,0_4,6.731
434,2015,constant_fertility,male,5yearly,0_4,9.691
434,2015,high_variant,female,5yearly,0_4,6.877
434,2015,high_variant,male,5yearly,0_4,9.902
434,2015,low_variant,female,5yearly,0_4,5.63
434,2015,low_variant,male,5yearly,0_4,8.091
434,2015,medium_variant,female,5yearly,0_4,6.254
434,2015,medium_variant,male,5yearly,0_4,8.996
434,2015,constant_fertility,female,5yearly,5_9,0.406
434,2015,constant_fertility,male,5yearly,5_9,0.628
434,2015,high_variant,female,5yearly,5_9,0.406
434,2015,high_variant,male,5yearly,5_9,0.628
434,2015,low_variant,female,5yearly,5_9,0.406
434,2015,low_variant,male,5yearly,5_9,0.628
434,2015,medium_variant,female,5yearly,5_9,0.406
434,2015,medium_variant,male,5yearly,5_9,0.628
434,2015,constant_fertility,female,5yearly,10_14,0.377
434,2015,constant_fertility,male,5yearly,10_14,0.818
434,2015,high_variant,female,5yearly,10_14,0.377
434,2015,high_variant,male,5yearly,10_14,0.818
434,2015,low_variant,female,5yearly,10_14,0.377
434,2015,low_variant,male,5yearly,10_14,0.818
434,2015,medium_variant,female,5yearly,10_14,0.377
434,2015,medium_variant,male,5yearly,10_14,0.818
434,2015,constant_fertility,female,5yearly,15_19,0.55
434,2015,constant_fertility,male,5yearly,15_19,1.78
434,2015,high_variant,female,5yearly,15_19,0.55
434,2015,high_variant,male,5yearly,15_19,1.78
434,2015,low_variant,female,5yearly,15_19,0.55
434,2015,low_variant,male,5yearly,15_19,1.78
434,2015,medium_variant,female,5yearly,15_19,0.55
434,2015,medium_variant,male,5yearly,15_19,1.78
434,2015,constant_fertility,female,5yearly,20_24,0.799
434,2015,constant_fertility,male,5yearly,20_24,2.483
434,2015,high_variant,female,5yearly,20_24,0.799
434,2015,high_variant,male,5yearly,20_24,2.483
434,2015,low_variant,female,5yearly,20_24,0.799
434,2015,low_variant,male,5yearly,20_24,2.483
434,2015,medium_variant,female,5yearly,20_24,0.799
434,2015,medium_variant,male,5yearly,20_24,2.483
434,2015,constant_fertility,female,5yearly,25_29,1.038
434,2015,constant_fertility,male,5yearly,25_29,2.507
434,2015,high_variant,female,5yearly,25_29,1.038
434,2015,high_variant,male,5yearly,25_29,2.507
434,2015,low_variant,female,5yearly,25_29,1.038
434,2015,low_variant,male,5yearly,25_29,2.507
434,2015,medium_variant,female,5yearly,25_29,1.038
434,2015,medium_variant,male,5yearly,25_29,2.507
434,2015,constant_fertility,female,5yearly,30_34,1.33
434,2015,constant_fertility,male,5yearly,30_34,2.678
434,2015,high_variant,female,5yearly,30_34,1.33
434,2015,high_variant,male,5yearly,30_34,2.678
434,2015,low_variant,female,5yearly,30_34,1.33
434,2015,low_variant,male,5yearly,30_34,2.678
434,2015,medium_variant,female,5yearly,30_34,1.33
434,2015,medium_variant,male,5yearly,30_34,2.678
434,2015,constant_fertility,female,5yearly,35_39,1.748
434,2015,constant_fertility,male,5yearly,35_39,3.274
434,2015,high_variant,female,5yearly,35_39,1.748
434,2015,high_variant,male,5yearly,35_39,3.274
434,2015,low_variant,female,5yearly,35_39,1.748
434,2015,low_variant,male,5yearly,35_39,3.274
434,2015,medium_variant,female,5yearly,35_39,1.748
434,2015,medium_variant,male,5yearly,35_39,3.274
434,2015,constant_fertility,female,5yearly,40_44,2.326
434,2015,constant_fertility,male,5yearly,40_44,4.092
434,2015,high_variant,female,5yearly,40_44,2.326
434,2015,high_variant,male,5yearly,40_44,4.092
434,2015,low_variant,female,5yearly,40_44,2.326
434,2015,low_variant,male,5yearly,40_44,4.092
434,2015,medium_variant,female,5yearly,40_44,2.326
434,2015,medium_variant,male,5yearly,40_44,4.092
434,2015,constant_fertility,female,5yearly,45_49,2.926
434,2015,constant_fertility,male,5yearly,45_49,4.905
434,2015,high_variant,female,5yearly,45_49,2.926
434,2015,high_variant,male,5yearly,45_49,4.905
434,2015,low_variant,female,5yearly,45_49,2.926
434,2015,low_variant,male,5yearly,45_49,4.905
434,2015,medium_variant,female,5yearly,45_49,2.926
434,2015,medium_variant,male,5yearly,45_49,4.905
434,2015,constant_fertility,female,5yearly,50_54,3.312
434,2015,constant_fertility,male,5yearly,50_54,5.731
434,2015,high_variant,female,5yearly,50_54,3.312
434,2015,high_variant,male,5yearly,50_54,5.731
434,2015,low_variant,female,5yearly,50_54,3.312
434,2015,low_variant,male,5yearly,50_54,5.731
434,2015,medium_variant,female,5yearly,50_54,3.312
434,2015,medium_variant,male,5yearly,50_54,5.731
434,2015,constant_fertility,female,5yearly,55_59,3.555
434,2015,constant_fertility,male,5yearly,55_59,6.268
434,2015,high_variant,female,5yearly,55_59,3.555
434,2015,high_variant,male,5yearly,55_59,6.268
434,2015,low_variant,female,5yearly,55_59,3.555
434,2015,low_variant,male,5yearly,55_59,6.268
434,2015,medium_variant,female,5yearly,55_59,3.555
434,2015,medium_variant,male,5yearly,55_59,6.268
434,2015,constant_fertility,female,5yearly,60_64,4.216
434,2015,constant_fertility,male,5yearly,60_64,7.146
434,2015,high_variant,female,5yearly,60_64,4.216
434,2015,high_variant,male,5yearly,60_64,7.146
434,2015,low_variant,female,5yearly,60_64,4.216
434,2015,low_variant,male,5yearly,60_64,7.146
434,2015,medium_variant,female,5yearly,60_64,4.216
434,2015,medium_variant,male,5yearly,60_64,7.146
434,2015,constant_fertility,female,5yearly,65_69,5.392
434,2015,constant_fertility,male,5yearly,65_69,8.19
434,2015,high_variant,female,5yearly,65_69,5.392
434,2015,high_variant,male,5yearly,65_69,8.19
434,2015,low_variant,female,5yearly,65_69,5.392
434,2015,low_variant,male,5yearly,65_69,8.19
434,2015,medium_variant,female,5yearly,65_69,5.392
434,2015,medium_variant,male,5yearly,65_69,8.19
434,2015,constant_fertility,female,5yearly,70_74,7.193
434,2015,constant_fertility,male,5yearly,70_74,9.594
434,2015,high_variant,female,5yearly,70_74,7.193
434,2015,high_variant,male,5yearly,70_74,9.594
434,2015,low_variant,female,5yearly,70_74,7.193
434,2015,low_variant,male,5yearly,70_74,9.594
434,2015,medium_variant,female,5yearly,70_74,7.193
434,2015,medium_variant,male,5yearly,70_74,9.594
434,2015,constant_fertility,female,5yearly,75_79,9.372
434,2015,constant_fertility,male,5yearly,75_79,10.719
434,2015,high_variant,female,5yearly,75_79,9.372
434,2015,high_variant,male,5yearly,75_79,10.719
434,2015,low_variant,female,5yearly,75_79,9.372
434,2015,low_variant,male,5yearly,75_79,10.72
434,2015,medium_variant,female,5yearly,75_79,9.372
434,2015,medium_variant,male,5yearly,75_79,10.719
434,2015,constant_fertility,female,5yearly,80_84,9.545
434,2015,constant_fertility,male,5yearly,80_84,9.213
434,2015,high_variant,female,5yearly,80_84,9.545
434,2015,high_variant,male,5yearly,80_84,9.213
434,2015,low_variant,female,5yearly,80_84,9.545
434,2015,low_variant,male,5yearly,80_84,9.213
434,2015,medium_variant,female,5yearly,80_84,9.544
434,2015,medium_variant,male,5yearly,80_84,9.214
434,2015,constant_fertility,female,5yearly,85_89,6.699
434,2015,constant_fertility,male,5yearly,85_89,5.481
434,2015,high_variant,female,5yearly,85_89,6.699
434,2015,high_variant,male,5yearly,85_89,5.481
434,2015,low_variant,female,5yearly,85_89,6.699
434,2015,low_variant,male,5yearly,85_89,5.481
434,2015,medium_variant,female,5yearly,85_89,6.699
434,2015,medium_variant,male,5yearly,85_89,5.481
434,2015,constant_fertility,female,5yearly,90_94,2.938
434,2015,constant_fertility,male,5yearly,90_94,1.965
434,2015,high_variant,female,5yearly,90_94,2.938
434,2015,high_variant,male,5yearly,90_94,1.965
434,2015,low_variant,female,5yearly,90_94,2.938
434,2015,low_variant,male,5yearly,90_94,1.965
434,2015,medium_variant,female,5yearly,90_94,2.938
434,2015,medium_variant,male,5yearly,90_94,1.965
434,2015,constant_fertility,female,5yearly,95plus,0.709
434,2015,constant_fertility,male,5yearly,95plus,0.358
434,2015,high_variant,female,5yearly,95plus,0.709
434,2015,high_variant,male,5yearly,95plus,0.358
434,2015,low_variant,female,5yearly,95plus,0.709
434,2015,low_variant,male,5yearly,95plus,0.358
434,2015,medium_variant,female,5yearly,95plus,0.709
434,2015,medium_variant,male,5yearly,95plus,0.358
434,2020,constant_fertility,female,5yearly,"Region, subregion, country or area *",Libya
434,2020,constant_fertility,male,5yearly,"Region, subregion, country or area *",Libya
434,2020,high_variant,female,5yearly,"Region, subregion, country or area *",Libya
434,2020,high_variant,male,5yearly,"Region, subregion, country or area *",Libya
434,2020,low_variant,female,5yearly,"Region, subregion, country or area *",Libya
434,2020,low_variant,male,5yearly,"Region, subregion, country or area *",Libya
434,2020,medium_variant,female,5yearly,"Region, subregion, country or area *",Libya
434,2020,medium_variant,male,5yearly,"Region, subregion, country or area *",Libya
434,2020,constant_fertility,female,5yearly,0_4,5.826
434,2020,constant_fertility,male,5yearly,0_4,8.755
434,2020,high_variant,female,5yearly,0_4,5.968
434,2020,high_variant,male,5yearly,0_4,8.968
434,2020,low_variant,female,5yearly,0_4,4.109
434,2020,low_variant,male,5yearly,0_4,6.165
434,2020,medium_variant,female,5yearly,0_4,5.038
434,2020,medium_variant,male,5yearly,0_4,7.567
434,2020,constant_fertility,female,5yearly,5_9,0.376
434,2020,constant_fertility,male,5yearly,5_9,0.607
434,2020,high_variant,female,5yearly,5_9,0.38
434,2020,high_variant,male,5yearly,5_9,0.613
434,2020,low_variant,female,5yearly,5_9,0.346
434,2020,low_variant,male,5yearly,5_9,0.561
434,2020,medium_variant,female,5yearly,5_9,0.363
434,2020,medium_variant,male,5yearly,5_9,0.587
434,2020,constant_fertility,female,5yearly,10_14,0.364
434,2020,constant_fertility,male,5yearly,10_14,0.806
434,2020,high_variant,female,5yearly,10_14,0.364
434,2020,high_variant,male,5yearly,10_14,0.806
434,2020,low_variant,female,5yearly,10_14,0.364
434,2020,low_variant,male,5yearly,10_14,0.806
434,2020,medium_variant,female,5yearly,10_14,0.364
434,2020,medium_variant,male,5yearly,10_14,0.806
434,2020,constant_fertility,female,5yearly,15_19,0.536
434,2020,constant_fertility,male,5yearly,15_19,1.732
434,2020,high_variant,female,5yearly,15_19,0.536
434,2020,high_variant,male,5yearly,15_19,1.732
434,2020,low_variant,female,5yearly,15_19,0.536
434,2020,low_variant,male,5yearly,15_19,1.732
434,2020,medium_variant,female,5yearly,15_19,0.536
434,2020,medium_variant,male,5yearly,15_19,1.732
434,2020,constant_fertility,female,5yearly,20_24,0.748
434,2020,constant_fertility,male,5yearly,20_24,2.351
434,2020,high_variant,female,5yearly,20_24,0.748
434,2020,high_variant,male,5yearly,20_24,2.351
434,2020,low_variant,female,5yearly,20_24,0.748
434,2020,low_variant,male,5yearly,20_24,2.351
434,2020,medium_variant,female,5yearly,20_24,0.748
434,2020,medium_variant,male,5yearly,20_24,2.351
434,2020,constant_fertility,female,5yearly,25_29,0.929
434,2020,constant_fertility,male,5yearly,25_29,2.289
434,2020,high_variant,female,5yearly,25_29,0.929
434,2020,high_variant,male,5yearly,25_29,2.289
434,2020,low_variant,female,5yearly,25_29,0.929
434,2020,low_variant,male,5yearly,25_29,2.289
434,2020,medium_variant,female,5yearly,25_29,0.929
434,2020,medium_variant,male,5yearly,25_29,2.289
434,2020,constant_fertility,female,5yearly,30_34,1.221
434,2020,constant_fertility,male,5yearly,30_34,2.471
434,2020,high_variant,female,5yearly,30_34,1.221
434,2020,high_variant,male,5yearly,30_34,2.471
434,2020,low_variant,female,5yearly,30_34,1.221
434,2020,low_variant,male,5yearly,30_34,2.471
434,2020,medium_variant,female,5yearly,30_34,1.221
434,2020,medium_variant,male,5yearly,30_34,2.471
434,2020,constant_fertility,female,5yearly,35_39,1.681
434,2020,constant_fertility,male,5yearly,35_39,3.107
434,2020,high_variant,female,5yearly,35_39,1.681
434,2020,high_variant,male,5yearly,35_39,3.106
434,2020,low_variant,female,5yearly,35_39,1.681
434,2020,low_variant,male,5yearly,35_39,3.107
434,2020,medium_variant,female,5yearly,35_39,1.681
434,2020,medium_variant,male,5yearly,35_39,3.107
434,2020,constant_fertility,female,5yearly,40_44,2.403
434,2020,constant_fertility,male,5yearly,40_44,4.175
434,2020,high_variant,female,5yearly,40_44,2.403
434,2020,high_variant,male,5yearly,40_44,4.175
434,2020,low_variant,female,5yearly,40_44,2.403
434,2020,low_variant,male,5yearly,40_44,4.175
434,2020,medium_variant,female,5yearly,40_44,2.403
434,2020,medium_variant,male,5yearly,40_44,4.175
434,2020,constant_fertility,female,5yearly,45_49,3.346
434,2020,constant_fertility,male,5yearly,45_49,5.659
434,2020,high_variant,female,5yearly,45_49,3.346
434,2020,high_variant,male,5yearly,45_49,5.659
434,2020,low_variant,female,5yearly,45_49,3.346
434,2020,low_variant,male,5yearly,45_49,5.659
434,2020,medium_variant,female,5yearly,45_49,3.346
434,2020,medium_variant,male,5yearly,45_49,5.659
434,2020,constant_fertility,female,5yearly,50_54,4.161
434,2020,constant_fertility,male,5yearly,50_54,7.533
434,2020,high_variant,female,5yearly,50_54,4.161
434,2020,high_variant,male,5yearly,50_54,7.533
434,2020,low_variant,female,5yearly,50_54,4.161
434,2020,low_variant,male,5yearly,50_54,7.533
434,2020,medium_variant,female,5yearly,50_54,4.161
434,2020,medium_variant,male,5yearly,50_54,7.533
434,2020,constant_fertility,female,5yearly,55_59,4.687
434,2020,constant_fertility,male,5yearly,55_59,8.732
434,2020,high_variant,female,5yearly,55_59,4.687
434,2020,high_variant,male,5yearly,55_59,8.732
434,2020,low_variant,female,5yearly,55_59,4.687
434,2020,low_variant,male,5yearly,55_59,8.732
434,2020,medium_variant,female,5yearly,55_59,4.687
434,2020,medium_variant,male,5yearly,55_59,8.732
434,2020,constant_fertility,female,5yearly,60_64,5.216
434,2020,constant_fertility,male,5yearly,60_64,8.907
434,2020,high_variant,female,5yearly,60_64,5.216
434,2020,high_variant,male,5yearly,60_64,8.906
434,2020,low_variant,female,5yearly,60_64,5.216
434,2020,low_variant,male,5yearly,60_64,8.906
434,2020,medium_variant,female,5yearly,60_64,5.216
434,2020,medium_variant,male,5yearly,60_64,8.907
434,2020,constant_fertility,female,5yearly,65_69,6.408
434,2020,constant_fertility,male,5yearly,65_69,9.67
434,2020,high_variant,female,5yearly,65_69,6.408
434,2020,high_variant,male,5yearly,65_69,9.67
434,2020,low_variant,female,5yearly,65_69,6.408
434,2020,low_variant,male,5yearly,65_69,9.67
434,2020,medium_variant,female,5yearly,65_69,6.408
434,2020,medium_variant,male,5yearly,65_69,9.67
434,2020,constant_fertility,female,5yearly,70_74,7.929
434,2020,constant_fertility,male,5yearly,70_74,10.394
434,2020,high_variant,female,5yearly,70_74,7.929
434,2020,high_variant,male,5yearly,70_74,10.394
434,2020,low_variant,female,5yearly,70_74,7.929
434,2020,low_variant,male,5yearly,70_74,10.394
434,2020,medium_variant,female,5yearly,70_74,7.929
434,2020,medium_variant,male,5yearly,70_74,10.394
434,2020,constant_fertility,female,5yearly,75_79,9.618
434,2020,constant_fertility,male,5yearly,75_79,10.749
434,2020,high_variant,female,5yearly,75_79,9.618
434,2020,high_variant,male,5yearly,75_79,10.749
434,2020,low_variant,female,5yearly,75_79,9.618
434,2020,low_variant,male,5yearly,75_79,10.749
434,2020,medium_variant,female,5yearly,75_79,9.618
434,2020,medium_variant,male,5yearly,75_79,10.748
434,2020,constant_fertility,female,5yearly,80_84,10.374
434,2020,constant_fertility,male,5yearly,80_84,9.789
434,2020,high_variant,female,5yearly,80_84,10.373
434,2020,high_variant,male,5yearly,80_84,9.79
434,2020,low_variant,female,5yearly,80_84,10.373
434,2020,low_variant,male,5yearly,80_84,9.79
434,2020,medium_variant,female,5yearly,80_84,10.374
434,2020,medium_variant,male,5yearly,80_84,9.789
434,2020,constant_fertility,female,5yearly,85_89,7.675
434,2020,constant_fertility,male,5yearly,85_89,5.993
434,2020,high_variant,female,5yearly,85_89,7.675
434,2020,high_variant,male,5yearly,85_89,5.993
434,2020,low_variant,female,5yearly,85_89,7.675
434,2020,low_variant,male,5yearly,85_89,5.993
434,2020,medium_variant,female,5yearly,85_89,7.675
434,2020,medium_variant,male,5yearly,85_89,5.993
434,2020,constant_fertility,female,5yearly,90_94,3.534
434,2020,constant_fertility,male,5yearly,90_94,2.231
434,2020,high_variant,female,5yearly,90_94,3.534
434,2020,high_variant,male,5yearly,90_94,2.231
434,2020,low_variant,female,5yearly,90_94,3.534
434,2020,low_variant,male,5yearly,90_94,2.231
434,2020,medium_variant,female,5yearly,90_94,3.534
434,2020,medium_variant,male,5yearly,90_94,2.231
434,2020,constant_fertility,female,5yearly,95plus,0.947
434,2020,constant_fertility,male,5yearly,95plus,0.443
434,2020,high_variant,female,5yearly,95plus,0.947
434,2020,high_variant,male,5yearly,95plus,0.443
434,2020,low_variant,female,5yearly,95plus,0.947
434,2020,low_variant,male,5yearly,95plus,0.443
434,2020,medium_variant,female,5yearly,95plus,0.947
434,2020,medium_variant,male,5yearly,95plus,0.443
434,2025,constant_fertility,female,5yearly,"Region, subregion, country or area *",Libya
434,2025,constant_fertility,male,5yearly,"Region, subregion, country or area *",Libya
434,2025,high_variant,female,5yearly,"Region, subregion, country or area *",Libya
434,2025,high_variant,male,5yearly,"Region, subregion, country or area *",Libya
434,2025,low_variant,female,5yearly,"Region, subregion, country or area *",Libya
434,2025,low_variant,male,5yearly,"Region, subregion, country or area *",Libya
434,2025,medium_variant,female,5yearly,"Region, subregion, country or area *",Libya
434,2025,medium_variant,male,5yearly,"Region, subregion, country or area *",Libya
434,2025,constant_fertility,female,5yearly,0_4,5.05
434,2025,constant_fertility,male,5yearly,0_4,7.814
434,2025,high_variant,female,5yearly,0_4,5.145
434,2025,high_variant,male,5yearly,0_4,7.96
434,2025,low_variant,female,5yearly,0_4,3.09
434,2025,low_variant,male,5yearly,0_4,4.775
434,2025,medium_variant,female,5yearly,0_4,4.117
434,2025,medium_variant,male,5yearly,0_4,6.368
434,2025,constant_fertility,female,5yearly,5_9,0.344
434,2025,constant_fertility,male,5yearly,5_9,0.567
434,2025,high_variant,female,5yearly,5_9,0.352
434,2025,high_variant,male,5yearly,5_9,0.581
434,2025,low_variant,female,5yearly,5_9,0.262
434,2025,low_variant,male,5yearly,5_9,0.434
434,2025,medium_variant,female,5yearly,5_9,0.307
434,2025,medium_variant,male,5yearly,5_9,0.507
434,2025,constant_fertility,female,5yearly,10_14,0.346
434,2025,constant_fertility,male,5yearly,10_14,0.773
434,2025,high_variant,female,5yearly,10_14,0.35
434,2025,high_variant,male,5yearly,10_14,0.781
434,2025,low_variant,female,5yearly,10_14,0.316
434,2025,low_variant,male,5yearly,10_14,0.717
434,2025,medium_variant,female,5yearly,10_14,0.333
434,2025,medium_variant,male,5yearly,10_14,0.749
434,2025,constant_fertility,female,5yearly,15_19,0.526
434,2025,constant_fertility,male,5yearly,15_19,1.693
434,2025,high_variant,female,5yearly,15_19,0.526
434,2025,high_variant,male,5yearly,15_19,1.693
434,2025,low_variant,female,5yearly,15_19,0.526
434,2025,low_variant,male,5yearly,15_19,1.693
434,2025,medium_variant,female,5yearly,15_19,0.526
434,2025,medium_variant,male,5yearly,15_19,1.693
434,2025,constant_fertility,female,5yearly,20_24,0.734
434,2025,constant_fertility,male,5yearly,20_24,2.298
434,2025,high_variant,female,5yearly,20_24,0.734
434,2025,high_variant,male,5yearly,20_24,2.298
434,2025,low_variant,female,5yearly,20_24,0.734
434,2025,low_variant,male,5yearly,20_24,2.298
434,2025,medium_variant,female,5yearly,20_24,0.734
434,2025,medium_variant,male,5yearly,20_24,2.298
434,2025,constant_fertility,female,5yearly,25_29,0.873
434,2025,constant_fertility,male,5yearly,25_29,2.175
434,2025,high_variant,female,5yearly,25_29,0.873
434,2025,high_variant,male,5yearly,25_29,2.175
434,2025,low_variant,female,5yearly,25_29,0.873
434,2025,low_variant,male,5yearly,25_29,2.175
434,2025,medium_variant,female,5yearly,25_29,0.873
434,2025,medium_variant,male,5yearly,25_29,2.175
434,2025,constant_fertility,female,5yearly,30_34,1.092
434,2025,constant_fertility,male,5yearly,30_34,2.251
434,2025,high_variant,female,5yearly,30_34,1.092
434,2025,high_variant,male,5yearly,30_34,2.251
434,2025,low_variant,female,5yearly,30_34,1.092
434,2025,low_variant,male,5yearly,30_34,2.251
434,2025,medium_variant,female,5yearly,30_34,1.092
434,2025,medium_variant,male,5yearly,30_34,2.251
434,2025,constant_fertility,female,5yearly,35_39,1.539
434,2025,constant_fertility,male,5yearly,35_39,2.862
434,2025,high_variant,female,5yearly,35_39,1.539
434,2025,high_variant,male,5yearly,35_39,2.862
434,2025,low_variant,female,5yearly,35_39,1.539
434,2025,low_variant,male,5yearly,35_39,2.862
434,2025,medium_variant,female,5yearly,35_39,1.539
434,2025,medium_variant,male,5yearly,35_39,2.862
434,2025,constant_fertility,female,5yearly,40_44,2.308
434,2025,constant_fertility,male,5yearly,40_44,3.962
434,2025,high_variant,female,5yearly,40_44,2.308
434,2025,high_variant,male,5yearly,40_44,3.962
434,2025,low_variant,female,5yearly,40_44,2.308
434,2025,low_variant,male,5yearly,40_44,3.962
434,2025,medium_variant,female,5yearly,40_44,2.308
434,2025,medium_variant,male,5yearly,40_44,3.962
434,2025,constant_fertility,female,5yearly,45_49,3.456
434,2025,constant_fertility,male,5yearly,45_49,5.785
434,2025,high_variant,female,5yearly,45_49,3.456
434,2025,high_variant,male,5yearly,45_49,5.785
434,2025,low_variant,female,5yearly,45_49,3.456
434,2025,low_variant,male,5yearly,45_49,5.785
434,2025,medium_variant,female,5yearly,45_49,3.456
434,2025,medium_variant,male,5yearly,45_49,5.785
434,2025,constant_fertility,female,5yearly,50_54,4.761
434,2025,constant_fertility,male,5yearly,50_54,8.669
434,2025,high_variant,female,5yearly,50_54,4.76
434,2025,high_variant,male,5yearly,50_54,8.67
434,2025,low_variant,female,5yearly,50_54,4.761
434,2025,low_variant,male,5yearly,50_54,8.669
434,2025,medium_variant,female,5yearly,50_54,4.76
434,2025,medium_variant,male,5yearly,50_54,8.67
434,2025,constant_fertility,female,5yearly,55_59,5.894
434,2025,constant_fertility,male,5yearly,55_59,11.445
434,2025,high_variant,female,5yearly,55_59,5.894
434,2025,high_variant,male,5yearly,55_59,11.444
434,2025,low_variant,female,5yearly,55_59,5.894
434,2025,low_variant,male,5yearly,55_59,11.445
434,2025,medium_variant,female,5yearly,55_59,5.894
434,2025,medium_variant,male,5yearly,55_59,11.444
434,2025,constant_fertility,female,5yearly,60_64,6.894
434,2025,constant_fertility,male,5yearly,60_64,12.448
434,2025,high_variant,female,5yearly,60_64,6.894
434,2025,high_variant,male,5yearly,60_64,12.448
434,2025,low_variant,female,5yearly,60_64,6.894
434,2025,low_variant,male,5yearly,60_64,12.448
434,2025,medium_variant,female,5yearly,60_64,6.894
434,2025,medium_variant,male,5yearly,60_64,12.448
434,2025,constant_fertility,female,5yearly,65_69,7.972
434,2025,constant_fertility,male,5yearly,65_69,12.143
434,2025,high_variant,female,5yearly,65_69,7.972
434,2025,high_variant,male,5yearly,65_69,12.143
434,2025,low_variant,female,5yearly,65_69,7.972
434,2025,low_variant,male,5yearly,65_69,12.143
434,2025,medium_variant,female,5yearly,65_69,7.972
434,2025,medium_variant,male,5yearly,65_69,12.143
434,2025,constant_fertility,female,5yearly,70_74,9.527
434,2025,constant_fertility,male,5yearly,70_74,12.409
434,2025,high_variant,female,5yearly,70_74,9.527
434,2025,high_variant,male,5yearly,70_74,12.409
434,2025,low_variant,female,5yearly,70_74,9.527
434,2025,low_variant,male,5yearly,70_74,12.409
434,2025,medium_variant,female,5yearly,70_74,9.527
434,2025,medium_variant,male,5yearly,70_74,12.409
434,2025,constant_fertility,female,5yearly,75_79,10.823
434,2025,constant_fertility,male,5yearly,75_79,11.895
434,2025,high_variant,female,5yearly,75_79,10.823
434,2025,high_variant,male,5yearly,75_79,11.895
434,2025,low_variant,female,5yearly,75_79,10.823
434,2025,low_variant,male,5yearly,75_79,11.895
434,2025,medium_variant,female,5yearly,75_79,10.823
434,2025,medium_variant,male,5yearly,75_79,11.896
434,2025,constant_fertility,female,5yearly,80_84,10.945
434,2025,constant_fertility,male,5yearly,80_84,10.025
434,2025,high_variant,female,5yearly,80_84,10.946
434,2025,high_variant,male,5yearly,80_84,10.023
434,2025,low_variant,female,5yearly,80_84,10.945
434,2025,low_variant,male,5yearly,80_84,10.025
434,2025,medium_variant,female,5yearly,80_84,10.946
434,2025,medium_variant,male,5yearly,80_84,10.023
434,2025,constant_fertility,female,5yearly,85_89,8.664
434,2025,constant_fertility,male,5yearly,85_89,6.554
434,2025,high_variant,female,5yearly,85_89,8.664
434,2025,high_variant,male,5yearly,85_89,6.554
434,2025,low_variant,female,5yearly,85_89,8.664
434,2025,low_variant,male,5yearly,85_89,6.554
434,2025,medium_variant,female,5yearly,85_89,8.664
434,2025,medium_variant,male,5yearly,85_89,6.554
434,2025,constant_fertility,female,5yearly,90_94,4.25
434,2025,constant_fertility,male,5yearly,90_94,2.517
434,2025,high_variant,female,5yearly,90_94,4.25
434,2025,high_variant,male,5yearly,90_94,2.517
434,2025,low_variant,female,5yearly,90_94,4.25
434,2025,low_variant,male,5yearly,90_94,2.517
434,2025,medium_variant,female,5yearly,90_94,4.25
434,2025,medium_variant,male,5yearly,90_94,2.517
434,2025,constant_fertility,female,5yearly,95plus,1.214
434,2025,constant_fertility,male,5yearly,95plus,0.525
434,2025,high_variant,female,5yearly,95plus,1.214
434,2025,high_variant,male,5yearly,95plus,0.525
434,2025,low_variant,female,5yearly,95plus,1.214
434,2025,low_variant,male,5yearly,95plus,0.525
434,2025,medium_variant,female,5yearly,95plus,1.214
434,2025,medium_variant,male,5yearly,95plus,0.525
434,2030,constant_fertility,female,5yearly,"Region, subregion, country or area *",Libya
434,2030,constant_fertility,male,5yearly,"Region, subregion, country or area *",Libya
434,2030,high_variant,female,5yearly,"Region, subregion, country or area *",Libya
434,2030,high_variant,male,5yearly,"Region, subregion, country or area *",Libya
434,2030,low_variant,female,5yearly,"Region, subregion, country or area *",Libya
434,2030,low_variant,male,5yearly,"Region, subregion, country or area *",Libya
434,2030,medium_variant,female,5yearly,"Region, subregion, country or area *",Libya
434,2030,medium_variant,male,5yearly,"Region, subregion, country or area *",Libya
434,2030,constant_fertility,female,5yearly,0_4,4.469
434,2030,constant_fertility,male,5yearly,0_4,7.017
434,2030,high_variant,female,5yearly,0_4,4.42
434,2030,high_variant,male,5yearly,0_4,6.939
434,2030,low_variant,female,5yearly,0_4,2.552
434,2030,low_variant,male,5yearly,0_4,4.006
434,2030,medium_variant,female,5yearly,0_4,3.486
434,2030,medium_variant,male,5yearly,0_4,5.471
434,2030,constant_fertility,female,5yearly,5_9,0.308
434,2030,constant_fertility,male,5yearly,5_9,0.517
434,2030,high_variant,female,5yearly,5_9,0.315
434,2030,high_variant,male,5yearly,5_9,0.528
434,2030,low_variant,female,5yearly,5_9,0.201
434,2030,low_variant,male,5yearly,5_9,0.339
434,2030,medium_variant,female,5yearly,5_9,0.258
434,2030,medium_variant,male,5yearly,5_9,0.433
434,2030,constant_fertility,female,5yearly,10_14,0.319
434,2030,constant_fertility,male,5yearly,10_14,0.719
434,2030,high_variant,female,5yearly,10_14,0.327
434,2030,high_variant,male,5yearly,10_14,0.736
434,2030,low_variant,female,5yearly,10_14,0.242
434,2030,low_variant,male,5yearly,10_14,0.551
434,2030,medium_variant,female,5yearly,10_14,0.285
434,2030,medium_variant,male,5yearly,10_14,0.643
434,2030,constant_fertility,female,5yearly,15_19,0.509
434,2030,constant_fertility,male,5yearly,15_19,1.608
434,2030,high_variant,female,5yearly,15_19,0.514
434,2030,high_variant,male,5yearly,15_19,1.625
434,2030,low_variant,female,5yearly,15_19,0.467
434,2030,low_variant,male,5yearly,15_19,1.487
434,2030,medium_variant,female,5yearly,15_19,0.49
434,2030,medium_variant,male,5yearly,15_19,1.556
434,2030,constant_fertility,female,5yearly,20_24,0.73
434,2030,constant_fertility,male,5yearly,20_24,2.243
434,2030,high_variant,female,5yearly,20_24,0.73
434,2030,high_variant,male,5yearly,20_24,2.243
434,2030,low_variant,female,5yearly,20_24,0.73
434,2030,low_variant,male,5yearly,20_24,2.243
434,2030,medium_variant,female,5yearly,20_24,0.73
434,2030,medium_variant,male,5yearly,20_24,2.243
434,2030,constant_fertility,female,5yearly,25_29,0.863
434,2030,constant_fertility,male,5yearly,25_29,2.131
434,2030,high_variant,female,5yearly,25_29,0.863
434,2030,high_variant,male,5yearly,25_29,2.131
434,2030,low_variant,female,5yearly,25_29,0.863
434,2030,low_variant,male,5yearly,25_29,2.131
434,2030,medium_variant,female,5yearly,25_29,0.863
434,2030,medium_variant,male,5yearly,25_29,2.131
434,2030,constant_fertility,female,5yearly,30_34,1.025
434,2030,constant_fertility,male,5yearly,30_34,2.13
434,2030,high_variant,female,5yearly,30_34,1.025
434,2030,high_variant,male,5yearly,30_34,2.13
434,2030,low_variant,female,5yearly,30_34,1.025
434,2030,low_variant,male,5yearly,30_34,2.13
434,2030,medium_variant,female,5yearly,30_34,1.025
434,2030,medium_variant,male,5yearly,30_34,2.13
434,2030,constant_fertility,female,5yearly,35_39,1.375
434,2030,constant_fertility,male,5yearly,35_39,2.592
434,2030,high_variant,female,5yearly,35_39,1.375
434,2030,high_variant,male,5yearly,35_39,2.592
434,2030,low_variant,female,5yearly,35_39,1.375
434,2030,low_variant,male,5yearly,35_39,2.592
434,2030,medium_variant,female,5yearly,35_39,1.374
434,2030,medium_variant,male,5yearly,35_39,2.593
434,2030,constant_fertility,female,5yearly,40_44,2.113
434,2030,constant_fertility,male,5yearly,40_44,3.642
434,2030,high_variant,female,5yearly,40_44,2.113
434,2030,high_variant,male,5yearly,40_44,3.642
434,2030,low_variant,female,5yearly,40_44,2.113
434,2030,low_variant,male,5yearly,40_44,3.642
434,2030,medium_variant,female,5yearly,40_44,2.113
434,2030,medium_variant,male,5yearly,40_44,3.641
434,2030,constant_fertility,female,5yearly,45_49,3.315
434,2030,constant_fertility,male,5yearly,45_49,5.486
434,2030,high_variant,female,5yearly,45_49,3.315
434,2030,high_variant,male,5yearly,45_49,5.486
434,2030,low_variant,female,5yearly,45_49,3.315
434,2030,low_variant,male,5yearly,45_49,5.486
434,2030,medium_variant,female,5yearly,45_49,3.315
434,2030,medium_variant,male,5yearly,45_49,5.486
434,2030,constant_fertility,female,5yearly,50_54,4.91
434,2030,constant_fertility,male,5yearly,50_54,8.843
434,2030,high_variant,female,5yearly,50_54,4.91
434,2030,high_variant,male,5yearly,50_54,8.843
434,2030,low_variant,female,5yearly,50_54,4.91
434,2030,low_variant,male,5yearly,50_54,8.843
434,2030,medium_variant,female,5yearly,50_54,4.91
434,2030,medium_variant,male,5yearly,50_54,8.843
434,2030,constant_fertility,female,5yearly,55_59,6.739
434,2030,constant_fertility,male,5yearly,55_59,13.135
434,2030,high_variant,female,5yearly,55_59,6.739
434,2030,high_variant,male,5yearly,55_59,13.135
434,2030,low_variant,female,5yearly,55_59,6.739
434,2030,low_variant,male,5yearly,55_59,13.135
434,2030,medium_variant,female,5yearly,55_59,6.739
434,2030,medium_variant,male,5yearly,55_59,13.135
434,2030,constant_fertility,female,5yearly,60_64,8.684
434,2030,constant_fertility,male,5yearly,60_64,16.331
434,2030,high_variant,female,5yearly,60_64,8.684
434,2030,high_variant,male,5yearly,60_64,16.331
434,2030,low_variant,female,5yearly,60_64,8.684
434,2030,low_variant,male,5yearly,60_64,16.331
434,2030,medium_variant,female,5yearly,60_64,8.684
434,2030,medium_variant,male,5yearly,60_64,16.331
434,2030,constant_fertility,female,5yearly,65_69,10.586
434,2030,constant_fertility,male,5yearly,65_69,17.07
434,2030,high_variant,female,5yearly,65_69,10.586
434,2030,high_variant,male,5yearly,65_69,17.07
434,2030,low_variant,female,5yearly,65_69,10.586
434,2030,low_variant,male,5yearly,65_69,17.07
434,2030,medium_variant,female,5yearly,65_69,10.586
434,2030,medium_variant,male,5yearly,65_69,17.07
434,2030,constant_fertility,female,5yearly,70_74,11.971
434,2030,constant_fertility,male,5yearly,70_74,15.758
434,2030,high_variant,female,5yearly,70_74,11.971
434,2030,high_variant,male,5yearly,70_74,15.758
434,2030,low_variant,female,5yearly,70_74,11.971
434,2030,low_variant,male,5yearly,70_74,15.76
434,2030,medium_variant,female,5yearly,70_74,11.971
434,2030,medium_variant,male,5yearly,70_74,15.76
434,2030,constant_fertility,female,5yearly,75_79,13.211
434,2030,constant_fertility,male,5yearly,75_79,14.406
434,2030,high_variant,female,5yearly,75_79,13.211
434,2030,high_variant,male,5yearly,75_79,14.406
434,2030,low_variant,female,5yearly,75_79,13.211
434,2030,low_variant,male,5yearly,75_79,14.406
434,2030,medium_variant,female,5yearly,75_79,13.212
434,2030,medium_variant,male,5yearly,75_79,14.405
434,2030,constant_fertility,female,5yearly,80_84,12.703
434,2030,constant_fertility,male,5yearly,80_84,11.41
434,2030,high_variant,female,5yearly,80_84,12.703
434,2030,high_variant,male,5yearly,80_84,11.41
434,2030,low_variant,female,5yearly,80_84,12.703
434,2030,low_variant,male,5yearly,80_84,11.41
434,2030,medium_variant,female,5yearly,80_84,12.703
434,2030,medium_variant,male,5yearly,80_84,11.41
434,2030,constant_fertility,female,5yearly,85_89,9.464
434,2030,constant_fertility,male,5yearly,85_89,6.868
434,2030,high_variant,female,5yearly,85_89,9.465
434,2030,high_variant,male,5yearly,85_89,6.867
434,2030,low_variant,female,5yearly,85_89,9.465
434,2030,low_variant,male,5yearly,85_89,6.867
434,2030,medium_variant,female,5yearly,85_89,9.464
434,2030,medium_variant,male,5yearly,85_89,6.867
434,2030,constant_fertility,female,5yearly,90_94,5.003
434,2030,constant_fertility,male,5yearly,90_94,2.837
434,2030,high_variant,female,5yearly,90_94,5.003
434,2030,high_variant,male,5yearly,90_94,2.837
434,2030,low_variant,female,5yearly,90_94,5.003
434,2030,low_variant,male,5yearly,90_94,2.837
434,2030,medium_variant,female,5yearly,90_94,5.003
434,2030,medium_variant,male,5yearly,90_94,2.837
434,2030,constant_fertility,female,5yearly,95plus,1.552
434,2030,constant_fertility,male,5yearly,95plus,0.616
434,2030,high_variant,female,5yearly,95plus,1.552
434,2030,high_variant,male,5yearly,95plus,0.616
434,2030,low_variant,female,5yearly,95plus,1.552
434,2030,low_variant,male,5yearly,95plus,0.616
434,2030,medium_variant,female,5yearly,95plus,1.552
434,2030,medium_variant,male,5yearly,95plus,0.616
434,2035,constant_fertility,female,5yearly,"Region, subregion, country or area *",Libya
434,2035,constant_fertility,male,5yearly,"Region, subregion, country or area *",Libya
434,2035,high_variant,female,5yearly,"Region, subregion, country or area *",Libya
434,2035,high_variant,male,5yearly,"Region, subregion, country or area *",Libya
434,2035,low_variant,female,5yearly,"Region, subregion, country or area *",Libya
434,2035,low_variant,male,5yearly,"Region, subregion, country or area *",Libya
434,2035,medium_variant,female,5yearly,"Region, subregion, country or area *",Libya
434,2035,medium_variant,male,5yearly,"Region, subregion, country or area *",Libya
434,2035,constant_fertility,female,5yearly,0_4,4.089
434,2035,constant_fertility,male,5yearly,0_4,6.418
434,2035,high_variant,female,5yearly,0_4,3.965
434,2035,high_variant,male,5yearly,0_4,6.222
434,2035,low_variant,female,5yearly,0_4,2.218
434,2035,low_variant,male,5yearly,0_4,3.481
434,2035,medium_variant,female,5yearly,0_4,3.085
434,2035,medium_variant,male,5yearly,0_4,4.842
434,2035,constant_fertility,female,5yearly,5_9,0.281
434,2035,constant_fertility,male,5yearly,5_9,0.466
434,2035,high_variant,female,5yearly,5_9,0.282
434,2035,high_variant,male,5yearly,5_9,0.469
434,2035,low_variant,female,5yearly,5_9,0.165
434,2035,low_variant,male,5yearly,5_9,0.274
434,2035,medium_variant,female,5yearly,5_9,0.223
434,2035,medium_variant,male,5yearly,5_9,0.372
434,2035,constant_fertility,female,5yearly,10_14,0.295
434,2035,constant_fertility,male,5yearly,10_14,0.651
434,2035,high_variant,female,5yearly,10_14,0.301
434,2035,high_variant,male,5yearly,10_14,0.666
434,2035,low_variant,female,5yearly,10_14,0.192
434,2035,low_variant,male,5yearly,10_14,0.427
434,2035,medium_variant,female,5yearly,10_14,0.246
434,2035,medium_variant,male,5yearly,10_14,0.547
434,2035,constant_fertility,female,5yearly,15_19,0.479
434,2035,constant_fertility,male,5yearly,15_19,1.476
434,2035,high_variant,female,5yearly,15_19,0.491
434,2035,high_variant,male,5yearly,15_19,1.512
434,2035,low_variant,female,5yearly,15_19,0.364
434,2035,low_variant,male,5yearly,15_19,1.13
434,2035,medium_variant,female,5yearly,15_19,0.428
434,2035,medium_variant,male,5yearly,15_19,1.32
434,2035,constant_fertility,female,5yearly,20_24,0.707
434,2035,constant_fertility,male,5yearly,20_24,2.121
434,2035,high_variant,female,5yearly,20_24,0.715
434,2035,high_variant,male,5yearly,20_24,2.148
434,2035,low_variant,female,5yearly,20_24,0.644
434,2035,low_variant,male,5yearly,20_24,1.922
434,2035,medium_variant,female,5yearly,20_24,0.68
434,2035,medium_variant,male,5yearly,20_24,2.035
434,2035,constant_fertility,female,5yearly,25_29,0.859
434,2035,constant_fertility,male,5yearly,25_29,2.079
434,2035,high_variant,female,5yearly,25_29,0.859
434,2035,high_variant,male,5yearly,25_29,2.079
434,2035,low_variant,female,5yearly,25_29,0.859
434,2035,low_variant,male,5yearly,25_29,2.079
434,2035,medium_variant,female,5yearly,25_29,0.859
434,2035,medium_variant,male,5yearly,25_29,2.079
434,2035,constant_fertility,female,5yearly,30_34,1.013
434,2035,constant_fertility,male,5yearly,30_34,2.076
434,2035,high_variant,female,5yearly,30_34,1.013
434,2035,high_variant,male,5yearly,30_34,2.076
434,2035,low_variant,female,5yearly,30_34,1.013
434,2035,low_variant,male,5yearly,30_34,2.076
434,2035,medium_variant,female,5yearly,30_34,1.013
434,2035,medium_variant,male,5yearly,30_34,2.076
434,2035,constant_fertility,female,5yearly,35_39,1.289
434,2035,constant_fertility,male,5yearly,35_39,2.439
434,2035,high_variant,female,5yearly,35_39,1.289
434,2035,high_variant,male,5yearly,35_39,2.439
434,2035,low_variant,female,5yearly,35_39,1.289
434,2035,low_variant,male,5yearly,35_39,2.439
434,2035,medium_variant,female,5yearly,35_39,1.289
434,2035,medium_variant,male,5yearly,35_39,2.439
434,2035,constant_fertility,female,5yearly,40_44,1.884
434,2035,constant_fertility,male,5yearly,40_44,3.301
434,2035,high_variant,female,5yearly,40_44,1.884
434,2035,high_variant,male,5yearly,40_44,3.301
434,2035,low_variant,female,5yearly,40_44,1.884
434,2035,low_variant,male,5yearly,40_44,3.301
434,2035,medium_variant,female,5yearly,40_44,1.884
434,2035,medium_variant,male,5yearly,40_44,3.301
434,2035,constant_fertility,female,5yearly,45_49,3.033
434,2035,constant_fertility,male,5yearly,45_49,5.06
434,2035,high_variant,female,5yearly,45_49,3.033
434,2035,high_variant,male,5yearly,45_49,5.06
434,2035,low_variant,female,5yearly,45_49,3.033
434,2035,low_variant,male,5yearly,45_49,5.06
434,2035,medium_variant,female,5yearly,45_49,3.033
434,2035,medium_variant,male,5yearly,45_49,5.06
434,2035,constant_fertility,female,5yearly,50_54,4.708
434,2035,constant_fertility,male,5yearly,50_54,8.372
434,2035,high_variant,female,5yearly,50_54,4.708
434,2035,high_variant,male,5yearly,50_54,8.372
434,2035,low_variant,female,5yearly,50_54,4.708
434,2035,low_variant,male,5yearly,50_54,8.372
434,2035,medium_variant,female,5yearly,50_54,4.708
434,2035,medium_variant,male,5yearly,50_54,8.372
434,2035,constant_fertility,female,5yearly,55_59,6.947
434,2035,constant_fertility,male,5yearly,55_59,13.379
434,2035,high_variant,female,5yearly,55_59,6.947
434,2035,high_variant,male,5yearly,55_59,13.379
434,2035,low_variant,female,5yearly,55_59,6.947
434,2035,low_variant,male,5yearly,55_59,13.379
434,2035,medium_variant,female,5yearly,55_59,6.947
434,2035,medium_variant,male,5yearly,55_59,13.379
434,2035,constant_fertility,female,5yearly,60_64,9.944
434,2035,constant_fertility,male,5yearly,60_64,18.79
434,2035,high_variant,female,5yearly,60_64,9.944
434,2035,high_variant,male,5yearly,60_64,18.79
434,2035,low_variant,female,5yearly,60_64,9.944
434,2035,low_variant,male,5yearly,60_64,18.79
434,2035,medium_variant,female,5yearly,60_64,9.944
434,2035,medium_variant,male,5yearly,60_64,18.79
434,2035,constant_fertility,female,5yearly,65_69,13.398
434,2035,constant_fertility,male,5yearly,65_69,22.542
434,2035,high_variant,female,5yearly,65_69,13.398
434,2035,high_variant,male,5yearly,65_69,22.542
434,2035,low_variant,female,5yearly,65_69,13.398
434,2035,low_variant,male,5yearly,65_69,22.542
434,2035,medium_variant,female,5yearly,65_69,13.398
434,2035,medium_variant,male,5yearly,65_69,22.542
434,2035,constant_fertility,female,5yearly,70_74,16.031
434,2035,constant_fertility,male,5yearly,70_74,22.405
434,2035,high_variant,female,5yearly,70_74,16.031
434,2035,high_variant,male,5yearly,70_74,22.403
434,2035,low_variant,female,5yearly,70_74,16.031
434,2035,low_variant,male,5yearly,70_74,22.404
434,2035,medium_variant,female,5yearly,70_74,16.031
434,2035,medium_variant,male,5yearly,70_74,22.403
434,2035,constant_fertility,female,5yearly,75_79,16.858
434,2035,constant_fertility,male,5yearly,75_79,18.625
434,2035,high_variant,female,5yearly,75_79,16.859
434,2035,high_variant,male,5yearly,75_79,18.624
434,2035,low_variant,female,5yearly,75_79,16.858
434,2035,low_variant,male,5yearly,75_79,18.625
434,2035,medium_variant,female,5yearly,75_79,16.859
434,2035,medium_variant,male,5yearly,75_79,18.624
434,2035,constant_fertility,female,5yearly,80_84,15.854
434,2035,constant_fertility,male,5yearly,80_84,14.098
434,2035,high_variant,female,5yearly,80_84,15.854
434,2035,high_variant,male,5yearly,80_84,14.099
434,2035,low_variant,female,5yearly,80_84,15.855
434,2035,low_variant,male,5yearly,80_84,14.098
434,2035,medium_variant,female,5yearly,80_84,15.854
434,2035,medium_variant,male,5yearly,80_84,14.098
434,2035,constant_fertility,female,5yearly,85_89,11.465
434,2035,constant_fertility,male,5yearly,85_89,8.141
434,2035,high_variant,female,5yearly,85_89,11.465
434,2035,high_variant,male,5yearly,85_89,8.141
434,2035,low_variant,female,5yearly,85_89,11.465
434,2035,low_variant,male,5yearly,85_89,8.141
434,2035,medium_variant,female,5yearly,85_89,11.465
434,2035,medium_variant,male,5yearly,85_89,8.141
434,2035,constant_fertility,female,5yearly,90_94,5.685
434,2035,constant_fertility,male,5yearly,90_94,3.045
434,2035,high_variant,female,5yearly,90_94,5.685
434,2035,high_variant,male,5yearly,90_94,3.045
434,2035,low_variant,female,5yearly,90_94,5.685
434,2035,low_variant,male,5yearly,90_94,3.045
434,2035,medium_variant,female,5yearly,90_94,5.685
434,2035,medium_variant,male,5yearly,90_94,3.045
434,2035,constant_fertility,female,5yearly,95plus,1.933
434,2035,constant_fertility,male,5yearly,95plus,0.715
434,2035,high_variant,female,5yearly,95plus,1.933
434,2035,high_variant,male,5yearly,95plus,0.715
434,2035,low_variant,female,5yearly,95plus,1.933
434,2035,low_variant,male,5yearly,95plus,0.715
434,2035,medium_variant,female,5yearly,95plus,1.933
434,2035,medium_variant,male,5yearly,95plus,0.715
434,2040,constant_fertility,female,5yearly,"Region, subregion, country or area *",Libya
434,2040,constant_fertility,male,5yearly,"Region, subregion, country or area *",Libya
434,2040,high_variant,female,5yearly,"Region, subregion, country or area *",Libya
434,2040,high_variant,male,5yearly,"Region, subregion, country or area *",Libya
434,2040,low_variant,female,5yearly,"Region, subregion, country or area *",Libya
434,2040,low_variant,male,5yearly,"Region, subregion, country or area *",Libya
434,2040,medium_variant,female,5yearly,"Region, subregion, country or area *",Libya
434,2040,medium_variant,male,5yearly,"Region, subregion, country or area *",Libya
434,2040,constant_fertility,female,5yearly,0_4,3.832
434,2040,constant_fertility,male,5yearly,0_4,5.911
434,2040,high_variant,female,5yearly,0_4,3.687
434,2040,high_variant,male,5yearly,0_4,5.684
434,2040,low_variant,female,5yearly,0_4,1.949
434,2040,low_variant,male,5yearly,0_4,3.003
434,2040,medium_variant,female,5yearly,0_4,2.794
434,2040,medium_variant,male,5yearly,0_4,4.308
434,2040,constant_fertility,female,5yearly,5_9,0.261
434,2040,constant_fertility,male,5yearly,5_9,0.426
434,2040,high_variant,female,5yearly,5_9,0.256
434,2040,high_variant,male,5yearly,5_9,0.416
434,2040,low_variant,female,5yearly,5_9,0.145
434,2040,low_variant,male,5yearly,5_9,0.237
434,2040,medium_variant,female,5yearly,5_9,0.2
434,2040,medium_variant,male,5yearly,5_9,0.326
434,2040,constant_fertility,female,5yearly,10_14,0.271
434,2040,constant_fertility,male,5yearly,10_14,0.586
434,2040,high_variant,female,5yearly,10_14,0.272
434,2040,high_variant,male,5yearly,10_14,0.589
434,2040,low_variant,female,5yearly,10_14,0.159
434,2040,low_variant,male,5yearly,10_14,0.344
434,2040,medium_variant,female,5yearly,10_14,0.215
434,2040,medium_variant,male,5yearly,10_14,0.467
434,2040,constant_fertility,female,5yearly,15_19,0.447
434,2040,constant_fertility,male,5yearly,15_19,1.325
434,2040,high_variant,female,5yearly,15_19,0.457
434,2040,high_variant,male,5yearly,15_19,1.353
434,2040,low_variant,female,5yearly,15_19,0.291
434,2040,low_variant,male,5yearly,15_19,0.867
434,2040,medium_variant,female,5yearly,15_19,0.374
434,2040,medium_variant,male,5yearly,15_19,1.11
434,2040,constant_fertility,female,5yearly,20_24,0.671
434,2040,constant_fertility,male,5yearly,20_24,1.942
434,2040,high_variant,female,5yearly,20_24,0.687
434,2040,high_variant,male,5yearly,20_24,1.989
434,2040,low_variant,female,5yearly,20_24,0.507
434,2040,low_variant,male,5yearly,20_24,1.46
434,2040,medium_variant,female,5yearly,20_24,0.597
434,2040,medium_variant,male,5yearly,20_24,1.725
434,2040,constant_fertility,female,5yearly,25_29,0.836
434,2040,constant_fertility,male,5yearly,25_29,1.964
434,2040,high_variant,female,5yearly,25_29,0.846
434,2040,high_variant,male,5yearly,25_29,1.989
434,2040,low_variant,female,5yearly,25_29,0.76
434,2040,low_variant,male,5yearly,25_29,1.778
434,2040,medium_variant,female,5yearly,25_29,0.803
434,2040,medium_variant,male,5yearly,25_29,1.884
434,2040,constant_fertility,female,5yearly,30_34,1.011
434,2040,constant_fertility,male,5yearly,30_34,2.015
434,2040,high_variant,female,5yearly,30_34,1.011
434,2040,high_variant,male,5yearly,30_34,2.015
434,2040,low_variant,female,5yearly,30_34,1.011
434,2040,low_variant,male,5yearly,30_34,2.015
434,2040,medium_variant,female,5yearly,30_34,1.011
434,2040,medium_variant,male,5yearly,30_34,2.015
434,2040,constant_fertility,female,5yearly,35_39,1.274
434,2040,constant_fertility,male,5yearly,35_39,2.367
434,2040,high_variant,female,5yearly,35_39,1.274
434,2040,high_variant,male,5yearly,35_39,2.367
434,2040,low_variant,female,5yearly,35_39,1.274
434,2040,low_variant,male,5yearly,35_39,2.367
434,2040,medium_variant,female,5yearly,35_39,1.274
434,2040,medium_variant,male,5yearly,35_39,2.367
434,2040,constant_fertility,female,5yearly,40_44,1.766
434,2040,constant_fertility,male,5yearly,40_44,3.109
434,2040,high_variant,female,5yearly,40_44,1.766
434,2040,high_variant,male,5yearly,40_44,3.109
434,2040,low_variant,female,5yearly,40_44,1.766
434,2040,low_variant,male,5yearly,40_44,3.109
434,2040,medium_variant,female,5yearly,40_44,1.766
434,2040,medium_variant,male,5yearly,40_44,3.109
434,2040,constant_fertility,female,5yearly,45_49,2.704
434,2040,constant_fertility,male,5yearly,45_49,4.595
434,2040,high_variant,female,5yearly,45_49,2.704
434,2040,high_variant,male,5yearly,45_49,4.595
434,2040,low_variant,female,5yearly,45_49,2.704
434,2040,low_variant,male,5yearly,45_49,4.595
434,2040,medium_variant,female,5yearly,45_49,2.704
434,2040,medium_variant,male,5yearly,45_49,4.595
434,2040,constant_fertility,female,5yearly,50_54,4.306
434,2040,constant_fertility,male,5yearly,50_54,7.71
434,2040,high_variant,female,5yearly,50_54,4.306
434,2040,high_variant,male,5yearly,50_54,7.71
434,2040,low_variant,female,5yearly,50_54,4.306
434,2040,low_variant,male,5yearly,50_54,7.71
434,2040,medium_variant,female,5yearly,50_54,4.306
434,2040,medium_variant,male,5yearly,50_54,7.71
434,2040,constant_fertility,female,5yearly,55_59,6.664
434,2040,constant_fertility,male,5yearly,55_59,12.649
434,2040,high_variant,female,5yearly,55_59,6.664
434,2040,high_variant,male,5yearly,55_59,12.649
434,2040,low_variant,female,5yearly,55_59,6.664
434,2040,low_variant,male,5yearly,55_59,12.649
434,2040,medium_variant,female,5yearly,55_59,6.664
434,2040,medium_variant,male,5yearly,55_59,12.649
434,2040,constant_fertility,female,5yearly,60_64,10.28
434,2040,constant_fertility,male,5yearly,60_64,19.15
434,2040,high_variant,female,5yearly,60_64,10.28
434,2040,high_variant,male,5yearly,60_64,19.15
434,2040,low_variant,female,5yearly,60_64,10.28
434,2040,low_variant,male,5yearly,60_64,19.15
434,2040,medium_variant,female,5yearly,60_64,10.28
434,2040,medium_variant,male,5yearly,60_64,19.15
434,2040,constant_fertility,female,5yearly,65_69,15.435
434,2040,constant_fertility,male,5yearly,65_69,26.054
434,2040,high_variant,female,5yearly,65_69,15.435
434,2040,high_variant,male,5yearly,65_69,26.054
434,2040,low_variant,female,5yearly,65_69,15.435
434,2040,low_variant,male,5yearly,65_69,26.054
434,2040,medium_variant,female,5yearly,65_69,15.435
434,2040,medium_variant,male,5yearly,65_69,26.054
434,2040,constant_fertility,female,5yearly,70_74,20.474
434,2040,constant_fertility,male,5yearly,70_74,29.8
434,2040,high_variant,female,5yearly,70_74,20.474
434,2040,high_variant,male,5yearly,70_74,29.802
434,2040,low_variant,female,5yearly,70_74,20.474
434,2040,low_variant,male,5yearly,70_74,29.8
434,2040,medium_variant,female,5yearly,70_74,20.474
434,2040,medium_variant,male,5yearly,70_74,29.8
434,2040,constant_fertility,female,5yearly,75_79,22.925
434,2040,constant_fertility,male,5yearly,75_79,26.848
434,2040,high_variant,female,5yearly,75_79,22.923
434,2040,high_variant,male,5yearly,75_79,26.85
434,2040,low_variant,female,5yearly,75_79,22.923
434,2040,low_variant,male,5yearly,75_79,26.85
434,2040,medium_variant,female,5yearly,75_79,22.924
434,2040,medium_variant,male,5yearly,75_79,26.849
434,2040,constant_fertility,female,5yearly,80_84,20.759
434,2040,constant_fertility,male,5yearly,80_84,18.658
434,2040,high_variant,female,5yearly,80_84,20.759
434,2040,high_variant,male,5yearly,80_84,18.658
434,2040,low_variant,female,5yearly,80_84,20.759
434,2040,low_variant,male,5yearly,80_84,18.658
434,2040,medium_variant,female,5yearly,80_84,20.759
434,2040,medium_variant,male,5yearly,80_84,18.658
434,2040,constant_fertility,female,5yearly,85_89,14.765
434,2040,constant_fertility,male,5yearly,85_89,10.28
434,2040,high_variant,female,5yearly,85_89,14.765
434,2040,high_variant,male,5yearly,85_89,10.28
434,2040,low_variant,female,5yearly,85_89,14.765
434,2040,low_variant,male,5yearly,85_89,10.28
434,2040,medium_variant,female,5yearly,85_89,14.765
434,2040,medium_variant,male,5yearly,85_89,10.28
434,2040,constant_fertility,female,5yearly,90_94,7.256
434,2040,constant_fertility,male,5yearly,90_94,3.778
434,2040,high_variant,female,5yearly,90_94,7.256
434,2040,high_variant,male,5yearly,90_94,3.778
434,2040,low_variant,female,5yearly,90_94,7.256
434,2040,low_variant,male,5yearly,90_94,3.778
434,2040,medium_variant,female,5yearly,90_94,7.256
434,2040,medium_variant,male,5yearly,90_94,3.778
434,2040,constant_fertility,female,5yearly,95plus,2.334
434,2040,constant_fertility,male,5yearly,95plus,0.794
434,2040,high_variant,female,5yearly,95plus,2.334
434,2040,high_variant,male,5yearly,95plus,0.794
434,2040,low_variant,female,5yearly,95plus,2.334
434,2040,low_variant,male,5yearly,95plus,0.794
434,2040,medium_variant,female,5yearly,95plus,2.334
434,2040,medium_variant,male,5yearly,95plus,0.794
434,2045,constant_fertility,female,5yearly,"Region, subregion, country or area *",Libya
434,2045,constant_fertility,male,5yearly,"Region, subregion, country or area *",Libya
434,2045,high_variant,female,5yearly,"Region, subregion, country or area *",Libya
434,2045,high_variant,male,5yearly,"Region, subregion, country or area *",Libya
434,2045,low_variant,female,5yearly,"Region, subregion, country or area *",Libya
434,2045,low_variant,male,5yearly,"Region, subregion, country or area *",Libya
434,2045,medium_variant,female,5yearly,"Region, subregion, country or area *",Libya
434,2045,medium_variant,male,5yearly,"Region, subregion, country or area *",Libya
434,2045,constant_fertility,female,5yearly,0_4,3.604
434,2045,constant_fertility,male,5yearly,0_4,5.442
434,2045,high_variant,female,5yearly,0_4,3.459
434,2045,high_variant,male,5yearly,0_4,5.224
434,2045,low_variant,female,5yearly,0_4,1.657
434,2045,low_variant,male,5yearly,0_4,2.499
434,2045,medium_variant,female,5yearly,0_4,2.504
434,2045,medium_variant,male,5yearly,0_4,3.779
434,2045,constant_fertility,female,5yearly,5_9,0.248
434,2045,constant_fertility,male,5yearly,5_9,0.396
434,2045,high_variant,female,5yearly,5_9,0.239
434,2045,high_variant,male,5yearly,5_9,0.383
434,2045,low_variant,female,5yearly,5_9,0.13
434,2045,low_variant,male,5yearly,5_9,0.208
434,2045,medium_variant,female,5yearly,5_9,0.184
434,2045,medium_variant,male,5yearly,5_9,0.293
434,2045,constant_fertility,female,5yearly,10_14,0.254
434,2045,constant_fertility,male,5yearly,10_14,0.537
434,2045,high_variant,female,5yearly,10_14,0.249
434,2045,high_variant,male,5yearly,10_14,0.524
434,2045,low_variant,female,5yearly,10_14,0.141
434,2045,low_variant,male,5yearly,10_14,0.298
434,2045,medium_variant,female,5yearly,10_14,0.195
434,2045,medium_variant,male,5yearly,10_14,0.411
434,2045,constant_fertility,female,5yearly,15_19,0.415
434,2045,constant_fertility,male,5yearly,15_19,1.183
434,2045,high_variant,female,5yearly,15_19,0.417
434,2045,high_variant,male,5yearly,15_19,1.188
434,2045,low_variant,female,5yearly,15_19,0.243
434,2045,low_variant,male,5yearly,15_19,0.694
434,2045,medium_variant,female,5yearly,15_19,0.33
434,2045,medium_variant,male,5yearly,15_19,0.941
434,2045,constant_fertility,female,5yearly,20_24,0.626
434,2045,constant_fertility,male,5yearly,20_24,1.74
434,2045,high_variant,female,5yearly,20_24,0.64
434,2045,high_variant,male,5yearly,20_24,1.777
434,2045,low_variant,female,5yearly,20_24,0.405
434,2045,low_variant,male,5yearly,20_24,1.122
434,2045,medium_variant,female,5yearly,20_24,0.522
434,2045,medium_variant,male,5yearly,20_24,1.45
434,2045,constant_fertility,female,5yearly,25_29,0.793
434,2045,constant_fertility,male,5yearly,25_29,1.798
434,2045,high_variant,female,5yearly,25_29,0.812
434,2045,high_variant,male,5yearly,25_29,1.843
434,2045,low_variant,female,5yearly,25_29,0.598
434,2045,low_variant,male,5yearly,25_29,1.35
434,2045,medium_variant,female,5yearly,25_29,0.705
434,2045,medium_variant,male,5yearly,25_29,1.596
434,2045,constant_fertility,female,5yearly,30_34,0.984
434,2045,constant_fertility,male,5yearly,30_34,1.903
434,2045,high_variant,female,5yearly,30_34,0.996
434,2045,high_variant,male,5yearly,30_34,1.926
434,2045,low_variant,female,5yearly,30_34,0.896
434,2045,low_variant,male,5yearly,30_34,1.728
434,2045,medium_variant,female,5yearly,30_34,0.946
434,2045,medium_variant,male,5yearly,30_34,1.827
434,2045,constant_fertility,female,5yearly,35_39,1.271
434,2045,constant_fertility,male,5yearly,35_39,2.3
434,2045,high_variant,female,5yearly,35_39,1.271
434,2045,high_variant,male,5yearly,35_39,2.3
434,2045,low_variant,female,5yearly,35_39,1.271
434,2045,low_variant,male,5yearly,35_39,2.3
434,2045,medium_variant,female,5yearly,35_39,1.271
434,2045,medium_variant,male,5yearly,35_39,2.3
434,2045,constant_fertility,female,5yearly,40_44,1.74
434,2045,constant_fertility,male,5yearly,40_44,3.035
434,2045,high_variant,female,5yearly,40_44,1.74
434,2045,high_variant,male,5yearly,40_44,3.035
434,2045,low_variant,female,5yearly,40_44,1.74
434,2045,low_variant,male,5yearly,40_44,3.035
434,2045,medium_variant,female,5yearly,40_44,1.74
434,2045,medium_variant,male,5yearly,40_44,3.035
434,2045,constant_fertility,female,5yearly,45_49,2.532
434,2045,constant_fertility,male,5yearly,45_49,4.359
434,2045,high_variant,female,5yearly,45_49,2.532
434,2045,high_variant,male,5yearly,45_49,4.359
434,2045,low_variant,female,5yearly,45_49,2.532
434,2045,low_variant,male,5yearly,45_49,4.359
434,2045,medium_variant,female,5yearly,45_49,2.532
434,2045,medium_variant,male,5yearly,45_49,4.359
434,2045,constant_fertility,female,5yearly,50_54,3.838
434,2045,constant_fertility,male,5yearly,50_54,7.016
434,2045,high_variant,female,5yearly,50_54,3.838
434,2045,high_variant,male,5yearly,50_54,7.016
434,2045,low_variant,female,5yearly,50_54,3.838
434,2045,low_variant,male,5yearly,50_54,7.016
434,2045,medium_variant,female,5yearly,50_54,3.838
434,2045,medium_variant,male,5yearly,50_54,7.016
434,2045,constant_fertility,female,5yearly,55_59,6.089
434,2045,constant_fertility,male,5yearly,55_59,11.669
434,2045,high_variant,female,5yearly,55_59,6.089
434,2045,high_variant,male,5yearly,55_59,11.669
434,2045,low_variant,female,5yearly,55_59,6.089
434,2045,low_variant,male,5yearly,55_59,11.669
434,2045,medium_variant,female,5yearly,55_59,6.089
434,2045,medium_variant,male,5yearly,55_59,11.669
434,2045,constant_fertility,female,5yearly,60_64,9.87
434,2045,constant_fertility,male,5yearly,60_64,18.186
434,2045,high_variant,female,5yearly,60_64,9.87
434,2045,high_variant,male,5yearly,60_64,18.186
434,2045,low_variant,female,5yearly,60_64,9.87
434,2045,low_variant,male,5yearly,60_64,18.186
434,2045,medium_variant,female,5yearly,60_64,9.87
434,2045,medium_variant,male,5yearly,60_64,18.186
434,2045,constant_fertility,female,5yearly,65_69,16.039
434,2045,constant_fertility,male,5yearly,65_69,26.754
434,2045,high_variant,female,5yearly,65_69,16.039
434,2045,high_variant,male,5yearly,65_69,26.755
434,2045,low_variant,female,5yearly,65_69,16.039
434,2045,low_variant,male,5yearly,65_69,26.754
434,2045,medium_variant,female,5yearly,65_69,16.039
434,2045,medium_variant,male,5yearly,65_69,26.754
434,2045,constant_fertility,female,5yearly,70_74,23.776
434,2045,constant_fertility,male,5yearly,70_74,34.795
434,2045,high_variant,female,5yearly,70_74,23.776
434,2045,high_variant,male,5yearly,70_74,34.795
434,2045,low_variant,female,5yearly,70_74,23.776
434,2045,low_variant,male,5yearly,70_74,34.795
434,2045,medium_variant,female,5yearly,70_74,23.776
434,2045,medium_variant,male,5yearly,70_74,34.795
434,2045,constant_fertility,female,5yearly,75_79,29.662
434,2045,constant_fertility,male,5yearly,75_79,36.185
434,2045,high_variant,female,5yearly,75_79,29.661
434,2045,high_variant,male,5yearly,75_79,36.185
434,2045,low_variant,female,5yearly,75_79,29.662
434,2045,low_variant,male,5yearly,75_79,36.184
434,2045,medium_variant,female,5yearly,75_79,29.661
434,2045,medium_variant,male,5yearly,75_79,36.186
434,2045,constant_fertility,female,5yearly,80_84,28.837
434,2045,constant_fertility,male,5yearly,80_84,27.515
434,2045,high_variant,female,5yearly,80_84,28.837
434,2045,high_variant,male,5yearly,80_84,27.515
434,2045,low_variant,female,5yearly,80_84,28.837
434,2045,low_variant,male,5yearly,80_84,27.515
434,2045,medium_variant,female,5yearly,80_84,28.837
434,2045,medium_variant,male,5yearly,80_84,27.515
434,2045,constant_fertility,female,5yearly,85_89,20.031
434,2045,constant_fertility,male,5yearly,85_89,14.091
434,2045,high_variant,female,5yearly,85_89,20.031
434,2045,high_variant,male,5yearly,85_89,14.091
434,2045,low_variant,female,5yearly,85_89,20.031
434,2045,low_variant,male,5yearly,85_89,14.091
434,2045,medium_variant,female,5yearly,85_89,20.031
434,2045,medium_variant,male,5yearly,85_89,14.091
434,2045,constant_fertility,female,5yearly,90_94,9.696
434,2045,constant_fertility,male,5yearly,90_94,4.897
434,2045,high_variant,female,5yearly,90_94,9.696
434,2045,high_variant,male,5yearly,90_94,4.897
434,2045,low_variant,female,5yearly,90_94,9.696
434,2045,low_variant,male,5yearly,90_94,4.897
434,2045,medium_variant,female,5yearly,90_94,9.696
434,2045,medium_variant,male,5yearly,90_94,4.897
434,2045,constant_fertility,female,5yearly,95plus,3.138
434,2045,constant_fertility,male,5yearly,95plus,1.023
434,2045,high_variant,female,5yearly,95plus,3.138
434,2045,high_variant,male,5yearly,95plus,1.023
434,2045,low_variant,female,5yearly,95plus,3.138
434,2045,low_variant,male,5yearly,95plus,1.023
434,2045,medium_variant,female,5yearly,95plus,3.138
434,2045,medium_variant,male,5yearly,95plus,1.023
434,2050,constant_fertility,female,5yearly,"Region, subregion, country or area *",Libya
434,2050,constant_fertility,male,5yearly,"Region, subregion, country or area *",Libya
434,2050,high_variant,female,5yearly,"Region, subregion, country or area *",Libya
434,2050,high_variant,male,5yearly,"Region, subregion, country or area *",Libya
434,2050,low_variant,female,5yearly,"Region, subregion, country or area *",Libya
434,2050,low_variant,male,5yearly,"Region, subregion, country or area *",Libya
434,2050,medium_variant,female,5yearly,"Region, subregion, country or area *",Libya
434,2050,medium_variant,male,5yearly,"Region, subregion, country or area *",Libya
434,2050,constant_fertility,female,5yearly,0_4,3.436
434,2050,constant_fertility,male,5yearly,0_4,4.908
434,2050,high_variant,female,5yearly,0_4,3.291
434,2050,high_variant,male,5yearly,0_4,4.702
434,2050,low_variant,female,5yearly,0_4,1.382
434,2050,low_variant,male,5yearly,0_4,1.972
434,2050,medium_variant,female,5yearly,0_4,2.247
434,2050,medium_variant,male,5yearly,0_4,3.208
434,2050,constant_fertility,female,5yearly,5_9,0.242
434,2050,constant_fertility,male,5yearly,5_9,0.365
434,2050,high_variant,female,5yearly,5_9,0.232
434,2050,high_variant,male,5yearly,5_9,0.351
434,2050,low_variant,female,5yearly,5_9,0.117
434,2050,low_variant,male,5yearly,5_9,0.177
434,2050,medium_variant,female,5yearly,5_9,0.172
434,2050,medium_variant,male,5yearly,5_9,0.26
434,2050,constant_fertility,female,5yearly,10_14,0.246
434,2050,constant_fertility,male,5yearly,10_14,0.496
434,2050,high_variant,female,5yearly,10_14,0.237
434,2050,high_variant,male,5yearly,10_14,0.479
434,2050,low_variant,female,5yearly,10_14,0.129
434,2050,low_variant,male,5yearly,10_14,0.26
434,2050,medium_variant,female,5yearly,10_14,0.182
434,2050,medium_variant,male,5yearly,10_14,0.368
434,2050,constant_fertility,female,5yearly,15_19,0.392
434,2050,constant_fertility,male,5yearly,15_19,1.067
434,2050,high_variant,female,5yearly,15_19,0.384
434,2050,high_variant,male,5yearly,15_19,1.043
434,2050,low_variant,female,5yearly,15_19,0.217
434,2050,low_variant,male,5yearly,15_19,0.592
434,2050,medium_variant,female,5yearly,15_19,0.3
434,2050,medium_variant,male,5yearly,15_19,0.816
434,2050,constant_fertility,female,5yearly,20_24,0.581
434,2050,constant_fertility,male,5yearly,20_24,1.546
434,2050,high_variant,female,5yearly,20_24,0.582
434,2050,high_variant,male,5yearly,20_24,1.549
434,2050,low_variant,female,5yearly,20_24,0.339
434,2050,low_variant,male,5yearly,20_24,0.9
434,2050,medium_variant,female,5yearly,20_24,0.461
434,2050,medium_variant,male,5yearly,20_24,1.224
434,2050,constant_fertility,female,5yearly,25_29,0.736
434,2050,constant_fertility,male,5yearly,25_29,1.603
434,2050,high_variant,female,5yearly,25_29,0.752
434,2050,high_variant,male,5yearly,25_29,1.636
434,2050,low_variant,female,5yearly,25_29,0.475
434,2050,low_variant,male,5yearly,25_29,1.031
434,2050,medium_variant,female,5yearly,25_29,0.613
434,2050,medium_variant,male,5yearly,25_29,1.334
434,2050,constant_fertility,female,5yearly,30_34,0.929
434,2050,constant_fertility,male,5yearly,30_34,1.729
434,2050,high_variant,female,5yearly,30_34,0.951
434,2050,high_variant,male,5yearly,30_34,1.772
434,2050,low_variant,female,5yearly,30_34,0.701
434,2050,low_variant,male,5yearly,30_34,1.3
434,2050,medium_variant,female,5yearly,30_34,0.826
434,2050,medium_variant,male,5yearly,30_34,1.536
434,2050,constant_fertility,female,5yearly,35_39,1.231
434,2050,constant_fertility,male,5yearly,35_39,2.161
434,2050,high_variant,female,5yearly,35_39,1.245
434,2050,high_variant,male,5yearly,35_39,2.187
434,2050,low_variant,female,5yearly,35_39,1.122
434,2050,low_variant,male,5yearly,35_39,1.967
434,2050,medium_variant,female,5yearly,35_39,1.183
434,2050,medium_variant,male,5yearly,35_39,2.078
434,2050,constant_fertility,female,5yearly,40_44,1.735
434,2050,constant_fertility,male,5yearly,40_44,2.954
434,2050,high_variant,female,5yearly,40_44,1.735
434,2050,high_variant,male,5yearly,40_44,2.954
434,2050,low_variant,female,5yearly,40_44,1.735
434,2050,low_variant,male,5yearly,40_44,2.954
434,2050,medium_variant,female,5yearly,40_44,1.735
434,2050,medium_variant,male,5yearly,40_44,2.954
434,2050,constant_fertility,female,5yearly,45_49,2.499
434,2050,constant_fertility,male,5yearly,45_49,4.267
434,2050,high_variant,female,5yearly,45_49,2.499
434,2050,high_variant,male,5yearly,45_49,4.268
434,2050,low_variant,female,5yearly,45_49,2.499
434,2050,low_variant,male,5yearly,45_49,4.267
434,2050,medium_variant,female,5yearly,45_49,2.499
434,2050,medium_variant,male,5yearly,45_49,4.267
434,2050,constant_fertility,female,5yearly,50_54,3.602
434,2050,constant_fertility,male,5yearly,50_54,6.646
434,2050,high_variant,female,5yearly,50_54,3.602
434,2050,high_variant,male,5yearly,50_54,6.646
434,2050,low_variant,female,5yearly,50_54,3.602
434,2050,low_variant,male,5yearly,50_54,6.646
434,2050,medium_variant,female,5yearly,50_54,3.602
434,2050,medium_variant,male,5yearly,50_54,6.646
434,2050,constant_fertility,female,5yearly,55_59,5.434
434,2050,constant_fertility,male,5yearly,55_59,10.615
434,2050,high_variant,female,5yearly,55_59,5.434
434,2050,high_variant,male,5yearly,55_59,10.615
434,2050,low_variant,female,5yearly,55_59,5.434
434,2050,low_variant,male,5yearly,55_59,10.615
434,2050,medium_variant,female,5yearly,55_59,5.434
434,2050,medium_variant,male,5yearly,55_59,10.615
434,2050,constant_fertility,female,5yearly,60_64,9.035
434,2050,constant_fertility,male,5yearly,60_64,16.8
434,2050,high_variant,female,5yearly,60_64,9.035
434,2050,high_variant,male,5yearly,60_64,16.8
434,2050,low_variant,female,5yearly,60_64,9.035
434,2050,low_variant,male,5yearly,60_64,16.8
434,2050,medium_variant,female,5yearly,60_64,9.035
434,2050,medium_variant,male,5yearly,60_64,16.8
434,2050,constant_fertility,female,5yearly,65_69,15.453
434,2050,constant_fertility,male,5yearly,65_69,25.54
434,2050,high_variant,female,5yearly,65_69,15.453
434,2050,high_variant,male,5yearly,65_69,25.54
434,2050,low_variant,female,5yearly,65_69,15.453
434,2050,low_variant,male,5yearly,65_69,25.54
434,2050,medium_variant,female,5yearly,65_69,15.453
434,2050,medium_variant,male,5yearly,65_69,25.54
434,2050,constant_fertility,female,5yearly,70_74,24.822
434,2050,constant_fertility,male,5yearly,70_74,36.007
434,2050,high_variant,female,5yearly,70_74,24.823
434,2050,high_variant,male,5yearly,70_74,36.006
434,2050,low_variant,female,5yearly,70_74,24.822
434,2050,low_variant,male,5yearly,70_74,36.007
434,2050,medium_variant,female,5yearly,70_74,24.823
434,2050,medium_variant,male,5yearly,70_74,36.006
434,2050,constant_fertility,female,5yearly,75_79,34.743
434,2050,constant_fertility,male,5yearly,75_79,42.759
434,2050,high_variant,female,5yearly,75_79,34.743
434,2050,high_variant,male,5yearly,75_79,42.762
434,2050,low_variant,female,5yearly,75_79,34.743
434,2050,low_variant,male,5yearly,75_79,42.757
434,2050,medium_variant,female,5yearly,75_79,34.743
434,2050,medium_variant,male,5yearly,75_79,42.76
434,2050,constant_fertility,female,5yearly,80_84,37.842
434,2050,constant_fertility,male,5yearly,80_84,37.664
434,2050,high_variant,female,5yearly,80_84,37.845
434,2050,high_variant,male,5yearly,80_84,37.662
434,2050,low_variant,female,5yearly,80_84,37.842
434,2050,low_variant,male,5yearly,80_84,37.665
434,2050,medium_variant,female,5yearly,80_84,37.843
434,2050,medium_variant,male,5yearly,80_84,37.664
434,2050,constant_fertility,female,5yearly,85_89,28.59
434,2050,constant_fertility,male,5yearly,85_89,21.402
434,2050,high_variant,female,5yearly,85_89,28.59
434,2050,high_variant,male,5yearly,85_89,21.403
434,2050,low_variant,female,5yearly,85_89,28.59
434,2050,low_variant,male,5yearly,85_89,21.402
434,2050,medium_variant,female,5yearly,85_89,28.59
434,2050,medium_variant,male,5yearly,85_89,21.402
434,2050,constant_fertility,female,5yearly,90_94,13.71
434,2050,constant_fertility,male,5yearly,90_94,6.996
434,2050,high_variant,female,5yearly,90_94,13.71
434,2050,high_variant,male,5yearly,90_94,6.996
434,2050,low_variant,female,5yearly,90_94,13.71
434,2050,low_variant,male,5yearly,90_94,6.996
434,2050,medium_variant,female,5yearly,90_94,13.71
434,2050,medium_variant,male,5yearly,90_94,6.996
434,2050,constant_fertility,female,5yearly,95plus,4.409
434,2050,constant_fertility,male,5yearly,95plus,1.366
434,2050,high_variant,female,5yearly,95plus,4.409
434,2050,high_variant,male,5yearly,95plus,1.366
434,2050,low_variant,female,5yearly,95plus,4.409
434,2050,low_variant,male,5yearly,95plus,1.366
434,2050,medium_variant,female,5yearly,95plus,4.409
434,2050,medium_variant,male,5yearly,95plus,1.366
434,2055,constant_fertility,female,5yearly,"Region, subregion, country or area *",Libya
434,2055,constant_fertility,male,5yearly,"Region, subregion, country or area *",Libya
434,2055,high_variant,female,5yearly,"Region, subregion, country or area *",Libya
434,2055,high_variant,male,5yearly,"Region, subregion, country or area *",Libya
434,2055,low_variant,female,5yearly,"Region, subregion, country or area *",Libya
434,2055,low_variant,male,5yearly,"Region, subregion, country or area *",Libya
434,2055,medium_variant,female,5yearly,"Region, subregion, country or area *",Libya
434,2055,medium_variant,male,5yearly,"Region, subregion, country or area *",Libya
434,2055,constant_fertility,female,5yearly,0_4,3.258
434,2055,constant_fertility,male,5yearly,0_4,4.512
434,2055,high_variant,female,5yearly,0_4,3.099
434,2055,high_variant,male,5yearly,0_4,4.291
434,2055,low_variant,female,5yearly,0_4,1.142
434,2055,low_variant,male,5yearly,0_4,1.579
434,2055,medium_variant,female,5yearly,0_4,2.004
434,2055,medium_variant,male,5yearly,0_4,2.773
434,2055,constant_fertility,female,5yearly,5_9,0.232
434,2055,constant_fertility,male,5yearly,5_9,0.343
434,2055,high_variant,female,5yearly,5_9,0.222
434,2055,high_variant,male,5yearly,5_9,0.329
434,2055,low_variant,female,5yearly,5_9,0.099
434,2055,low_variant,male,5yearly,5_9,0.148
434,2055,medium_variant,female,5yearly,5_9,0.156
434,2055,medium_variant,male,5yearly,5_9,0.231
434,2055,constant_fertility,female,5yearly,10_14,0.238
434,2055,constant_fertility,male,5yearly,10_14,0.454
434,2055,high_variant,female,5yearly,10_14,0.228
434,2055,high_variant,male,5yearly,10_14,0.437
434,2055,low_variant,female,5yearly,10_14,0.114
434,2055,low_variant,male,5yearly,10_14,0.22
434,2055,medium_variant,female,5yearly,10_14,0.169
434,2055,medium_variant,male,5yearly,10_14,0.323
434,2055,constant_fertility,female,5yearly,15_19,0.375
434,2055,constant_fertility,male,5yearly,15_19,0.969
434,2055,high_variant,female,5yearly,15_19,0.362
434,2055,high_variant,male,5yearly,15_19,0.934
434,2055,low_variant,female,5yearly,15_19,0.196
434,2055,low_variant,male,5yearly,15_19,0.507
434,2055,medium_variant,female,5yearly,15_19,0.278
434,2055,medium_variant,male,5yearly,15_19,0.717
434,2055,constant_fertility,female,5yearly,20_24,0.548
434,2055,constant_fertility,male,5yearly,20_24,1.377
434,2055,high_variant,female,5yearly,20_24,0.535
434,2055,high_variant,male,5yearly,20_24,1.345
434,2055,low_variant,female,5yearly,20_24,0.303
434,2055,low_variant,male,5yearly,20_24,0.758
434,2055,medium_variant,female,5yearly,20_24,0.418
434,2055,medium_variant,male,5yearly,20_24,1.051
434,2055,constant_fertility,female,5yearly,25_29,0.682
434,2055,constant_fertility,male,5yearly,25_29,1.4
434,2055,high_variant,female,5yearly,25_29,0.684
434,2055,high_variant,male,5yearly,25_29,1.401
434,2055,low_variant,female,5yearly,25_29,0.398
434,2055,low_variant,male,5yearly,25_29,0.812
434,2055,medium_variant,female,5yearly,25_29,0.541
434,2055,medium_variant,male,5yearly,25_29,1.106
434,2055,constant_fertility,female,5yearly,30_34,0.86
434,2055,constant_fertility,male,5yearly,30_34,1.509
434,2055,high_variant,female,5yearly,30_34,0.878
434,2055,high_variant,male,5yearly,30_34,1.542
434,2055,low_variant,female,5yearly,30_34,0.555
434,2055,low_variant,male,5yearly,30_34,0.971
434,2055,medium_variant,female,5yearly,30_34,0.717
434,2055,medium_variant,male,5yearly,30_34,1.256
434,2055,constant_fertility,female,5yearly,35_39,1.162
434,2055,constant_fertility,male,5yearly,35_39,1.929
434,2055,high_variant,female,5yearly,35_39,1.19
434,2055,high_variant,male,5yearly,35_39,1.977
434,2055,low_variant,female,5yearly,35_39,0.877
434,2055,low_variant,male,5yearly,35_39,1.453
434,2055,medium_variant,female,5yearly,35_39,1.034
434,2055,medium_variant,male,5yearly,35_39,1.714
434,2055,constant_fertility,female,5yearly,40_44,1.684
434,2055,constant_fertility,male,5yearly,40_44,2.753
434,2055,high_variant,female,5yearly,40_44,1.704
434,2055,high_variant,male,5yearly,40_44,2.784
434,2055,low_variant,female,5yearly,40_44,1.538
434,2055,low_variant,male,5yearly,40_44,2.509
434,2055,medium_variant,female,5yearly,40_44,1.621
434,2055,medium_variant,male,5yearly,40_44,2.646
434,2055,constant_fertility,female,5yearly,45_49,2.489
434,2055,constant_fertility,male,5yearly,45_49,4.147
434,2055,high_variant,female,5yearly,45_49,2.489
434,2055,high_variant,male,5yearly,45_49,4.147
434,2055,low_variant,female,5yearly,45_49,2.489
434,2055,low_variant,male,5yearly,45_49,4.147
434,2055,medium_variant,female,5yearly,45_49,2.489
434,2055,medium_variant,male,5yearly,45_49,4.147
434,2055,constant_fertility,female,5yearly,50_54,3.554
434,2055,constant_fertility,male,5yearly,50_54,6.485
434,2055,high_variant,female,5yearly,50_54,3.554
434,2055,high_variant,male,5yearly,50_54,6.485
434,2055,low_variant,female,5yearly,50_54,3.554
434,2055,low_variant,male,5yearly,50_54,6.485
434,2055,medium_variant,female,5yearly,50_54,3.554
434,2055,medium_variant,male,5yearly,50_54,6.485
434,2055,constant_fertility,female,5yearly,55_59,5.09
434,2055,constant_fertility,male,5yearly,55_59,10.04
434,2055,high_variant,female,5yearly,55_59,5.09
434,2055,high_variant,male,5yearly,55_59,10.04
434,2055,low_variant,female,5yearly,55_59,5.09
434,2055,low_variant,male,5yearly,55_59,10.04
434,2055,medium_variant,female,5yearly,55_59,5.09
434,2055,medium_variant,male,5yearly,55_59,10.04
434,2055,constant_fertility,female,5yearly,60_64,8.054
434,2055,constant_fertility,male,5yearly,60_64,15.301
434,2055,high_variant,female,5yearly,60_64,8.054
434,2055,high_variant,male,5yearly,60_64,15.301
434,2055,low_variant,female,5yearly,60_64,8.054
434,2055,low_variant,male,5yearly,60_64,15.3
434,2055,medium_variant,female,5yearly,60_64,8.054
434,2055,medium_variant,male,5yearly,60_64,15.301
434,2055,constant_fertility,female,5yearly,65_69,14.208
434,2055,constant_fertility,male,5yearly,65_69,23.716
434,2055,high_variant,female,5yearly,65_69,14.208
434,2055,high_variant,male,5yearly,65_69,23.716
434,2055,low_variant,female,5yearly,65_69,14.208
434,2055,low_variant,male,5yearly,65_69,23.716
434,2055,medium_variant,female,5yearly,65_69,14.208
434,2055,medium_variant,male,5yearly,65_69,23.716
434,2055,constant_fertility,female,5yearly,70_74,24.114
434,2055,constant_fertility,male,5yearly,70_74,34.66
434,2055,high_variant,female,5yearly,70_74,24.114
434,2055,high_variant,male,5yearly,70_74,34.661
434,2055,low_variant,female,5yearly,70_74,24.114
434,2055,low_variant,male,5yearly,70_74,34.66
434,2055,medium_variant,female,5yearly,70_74,24.114
434,2055,medium_variant,male,5yearly,70_74,34.661
434,2055,constant_fertility,female,5yearly,75_79,36.765
434,2055,constant_fertility,male,5yearly,75_79,44.772
434,2055,high_variant,female,5yearly,75_79,36.765
434,2055,high_variant,male,5yearly,75_79,44.772
434,2055,low_variant,female,5yearly,75_79,36.765
434,2055,low_variant,male,5yearly,75_79,44.772
434,2055,medium_variant,female,5yearly,75_79,36.765
434,2055,medium_variant,male,5yearly,75_79,44.772
434,2055,constant_fertility,female,5yearly,80_84,45.238
434,2055,constant_fertility,male,5yearly,80_84,45.303
434,2055,high_variant,female,5yearly,80_84,45.239
434,2055,high_variant,male,5yearly,80_84,45.303
434,2055,low_variant,female,5yearly,80_84,45.237
434,2055,low_variant,male,5yearly,80_84,45.305
434,2055,medium_variant,female,5yearly,80_84,45.237
434,2055,medium_variant,male,5yearly,80_84,45.306
434,2055,constant_fertility,female,5yearly,85_89,38.591
434,2055,constant_fertility,male,5yearly,85_89,29.872
434,2055,high_variant,female,5yearly,85_89,38.591
434,2055,high_variant,male,5yearly,85_89,29.872
434,2055,low_variant,female,5yearly,85_89,38.591
434,2055,low_variant,male,5yearly,85_89,29.872
434,2055,medium_variant,female,5yearly,85_89,38.591
434,2055,medium_variant,male,5yearly,85_89,29.872
434,2055,constant_fertility,female,5yearly,90_94,20.403
434,2055,constant_fertility,male,5yearly,90_94,11.024
434,2055,high_variant,female,5yearly,90_94,20.403
434,2055,high_variant,male,5yearly,90_94,11.024
434,2055,low_variant,female,5yearly,90_94,20.403
434,2055,low_variant,male,5yearly,90_94,11.023
434,2055,medium_variant,female,5yearly,90_94,20.403
434,2055,medium_variant,male,5yearly,90_94,11.024
434,2055,constant_fertility,female,5yearly,95plus,6.602
434,2055,constant_fertility,male,5yearly,95plus,2.035
434,2055,high_variant,female,5yearly,95plus,6.602
434,2055,high_variant,male,5yearly,95plus,2.035
434,2055,low_variant,female,5yearly,95plus,6.602
434,2055,low_variant,male,5yearly,95plus,2.035
434,2055,medium_variant,female,5yearly,95plus,6.602
434,2055,medium_variant,male,5yearly,95plus,2.035
434,2060,constant_fertility,female,5yearly,"Region, subregion, country or area *",Libya
434,2060,constant_fertility,male,5yearly,"Region, subregion, country or area *",Libya
434,2060,high_variant,female,5yearly,"Region, subregion, country or area *",Libya
434,2060,high_variant,male,5yearly,"Region, subregion, country or area *",Libya
434,2060,low_variant,female,5yearly,"Region, subregion, country or area *",Libya
434,2060,low_variant,male,5yearly,"Region, subregion, country or area *",Libya
434,2060,medium_variant,female,5yearly,"Region, subregion, country or area *",Libya
434,2060,medium_variant,male,5yearly,"Region, subregion, country or area *",Libya
434,2060,constant_fertility,female,5yearly,0_4,3.122
434,2060,constant_fertility,male,5yearly,0_4,4.166
434,2060,high_variant,female,5yearly,0_4,2.935
434,2060,high_variant,male,5yearly,0_4,3.917
434,2060,low_variant,female,5yearly,0_4,0.981
434,2060,low_variant,male,5yearly,0_4,1.308
434,2060,medium_variant,female,5yearly,0_4,1.826
434,2060,medium_variant,male,5yearly,0_4,2.436
434,2060,constant_fertility,female,5yearly,5_9,0.221
434,2060,constant_fertility,male,5yearly,5_9,0.319
434,2060,high_variant,female,5yearly,5_9,0.211
434,2060,high_variant,male,5yearly,5_9,0.304
434,2060,low_variant,female,5yearly,5_9,0.083
434,2060,low_variant,male,5yearly,5_9,0.119
434,2060,medium_variant,female,5yearly,5_9,0.14
434,2060,medium_variant,male,5yearly,5_9,0.202
434,2060,constant_fertility,female,5yearly,10_14,0.229
434,2060,constant_fertility,male,5yearly,10_14,0.417
434,2060,high_variant,female,5yearly,10_14,0.219
434,2060,high_variant,male,5yearly,10_14,0.4
434,2060,low_variant,female,5yearly,10_14,0.098
434,2060,low_variant,male,5yearly,10_14,0.179
434,2060,medium_variant,female,5yearly,10_14,0.153
434,2060,medium_variant,male,5yearly,10_14,0.282
434,2060,constant_fertility,female,5yearly,15_19,0.365
434,2060,constant_fertility,male,5yearly,15_19,0.885
434,2060,high_variant,female,5yearly,15_19,0.35
434,2060,high_variant,male,5yearly,15_19,0.851
434,2060,low_variant,female,5yearly,15_19,0.176
434,2060,low_variant,male,5yearly,15_19,0.427
434,2060,medium_variant,female,5yearly,15_19,0.259
434,2060,medium_variant,male,5yearly,15_19,0.63
434,2060,constant_fertility,female,5yearly,20_24,0.529
434,2060,constant_fertility,male,5yearly,20_24,1.249
434,2060,high_variant,female,5yearly,20_24,0.51
434,2060,high_variant,male,5yearly,20_24,1.205
434,2060,low_variant,female,5yearly,20_24,0.276
434,2060,low_variant,male,5yearly,20_24,0.649
434,2060,medium_variant,female,5yearly,20_24,0.391
434,2060,medium_variant,male,5yearly,20_24,0.921
434,2060,constant_fertility,female,5yearly,25_29,0.649
434,2060,constant_fertility,male,5yearly,25_29,1.247
434,2060,high_variant,female,5yearly,25_29,0.634
434,2060,high_variant,male,5yearly,25_29,1.217
434,2060,low_variant,female,5yearly,25_29,0.358
434,2060,low_variant,male,5yearly,25_29,0.684
434,2060,medium_variant,female,5yearly,25_29,0.496
434,2060,medium_variant,male,5yearly,25_29,0.949
434,2060,constant_fertility,female,5yearly,30_34,0.803
434,2060,constant_fertility,male,5yearly,30_34,1.319
434,2060,high_variant,female,5yearly,30_34,0.805
434,2060,high_variant,male,5yearly,30_34,1.322
434,2060,low_variant,female,5yearly,30_34,0.467
434,2060,low_variant,male,5yearly,30_34,0.765
434,2060,medium_variant,female,5yearly,30_34,0.636
434,2060,medium_variant,male,5yearly,30_34,1.043
434,2060,constant_fertility,female,5yearly,35_39,1.082
434,2060,constant_fertility,male,5yearly,35_39,1.697
434,2060,high_variant,female,5yearly,35_39,1.105
434,2060,high_variant,male,5yearly,35_39,1.734
434,2060,low_variant,female,5yearly,35_39,0.699
434,2060,low_variant,male,5yearly,35_39,1.092
434,2060,medium_variant,female,5yearly,35_39,0.902
434,2060,medium_variant,male,5yearly,35_39,1.413
434,2060,constant_fertility,female,5yearly,40_44,1.595
434,2060,constant_fertility,male,5yearly,40_44,2.499
434,2060,high_variant,female,5yearly,40_44,1.634
434,2060,high_variant,male,5yearly,40_44,2.561
434,2060,low_variant,female,5yearly,40_44,1.205
434,2060,low_variant,male,5yearly,40_44,1.884
434,2060,medium_variant,female,5yearly,40_44,1.42
434,2060,medium_variant,male,5yearly,40_44,2.222
434,2060,constant_fertility,female,5yearly,45_49,2.424
434,2060,constant_fertility,male,5yearly,45_49,3.931
434,2060,high_variant,female,5yearly,45_49,2.452
434,2060,high_variant,male,5yearly,45_49,3.977
434,2060,low_variant,female,5yearly,45_49,2.213
434,2060,low_variant,male,5yearly,45_49,3.589
434,2060,medium_variant,female,5yearly,45_49,2.333
434,2060,medium_variant,male,5yearly,45_49,3.782
434,2060,constant_fertility,female,5yearly,50_54,3.548
434,2060,constant_fertility,male,5yearly,50_54,6.359
434,2060,high_variant,female,5yearly,50_54,3.548
434,2060,high_variant,male,5yearly,50_54,6.359
434,2060,low_variant,female,5yearly,50_54,3.548
434,2060,low_variant,male,5yearly,50_54,6.359
434,2060,medium_variant,female,5yearly,50_54,3.548
434,2060,medium_variant,male,5yearly,50_54,6.359
434,2060,constant_fertility,female,5yearly,55_59,5.027
434,2060,constant_fertility,male,5yearly,55_59,9.851
434,2060,high_variant,female,5yearly,55_59,5.027
434,2060,high_variant,male,5yearly,55_59,9.851
434,2060,low_variant,female,5yearly,55_59,5.027
434,2060,low_variant,male,5yearly,55_59,9.851
434,2060,medium_variant,female,5yearly,55_59,5.027
434,2060,medium_variant,male,5yearly,55_59,9.851
434,2060,constant_fertility,female,5yearly,60_64,7.566
434,2060,constant_fertility,male,5yearly,60_64,14.55
434,2060,high_variant,female,5yearly,60_64,7.566
434,2060,high_variant,male,5yearly,60_64,14.55
434,2060,low_variant,female,5yearly,60_64,7.566
434,2060,low_variant,male,5yearly,60_64,14.55
434,2060,medium_variant,female,5yearly,60_64,7.566
434,2060,medium_variant,male,5yearly,60_64,14.55
434,2060,constant_fertility,female,5yearly,65_69,12.77
434,2060,constant_fertility,male,5yearly,65_69,21.753
434,2060,high_variant,female,5yearly,65_69,12.769
434,2060,high_variant,male,5yearly,65_69,21.754
434,2060,low_variant,female,5yearly,65_69,12.769
434,2060,low_variant,male,5yearly,65_69,21.754
434,2060,medium_variant,female,5yearly,65_69,12.769
434,2060,medium_variant,male,5yearly,65_69,21.754
434,2060,constant_fertility,female,5yearly,70_74,22.434
434,2060,constant_fertility,male,5yearly,70_74,32.475
434,2060,high_variant,female,5yearly,70_74,22.434
434,2060,high_variant,male,5yearly,70_74,32.475
434,2060,low_variant,female,5yearly,70_74,22.434
434,2060,low_variant,male,5yearly,70_74,32.474
434,2060,medium_variant,female,5yearly,70_74,22.434
434,2060,medium_variant,male,5yearly,70_74,32.474
434,2060,constant_fertility,female,5yearly,75_79,36.309
434,2060,constant_fertility,male,5yearly,75_79,43.695
434,2060,high_variant,female,5yearly,75_79,36.309
434,2060,high_variant,male,5yearly,75_79,43.695
434,2060,low_variant,female,5yearly,75_79,36.309
434,2060,low_variant,male,5yearly,75_79,43.694
434,2060,medium_variant,female,5yearly,75_79,36.309
434,2060,medium_variant,male,5yearly,75_79,43.694
434,2060,constant_fertility,female,5yearly,80_84,48.899
434,2060,constant_fertility,male,5yearly,80_84,48.284
434,2060,high_variant,female,5yearly,80_84,48.901
434,2060,high_variant,male,5yearly,80_84,48.279
434,2060,low_variant,female,5yearly,80_84,48.898
434,2060,low_variant,male,5yearly,80_84,48.283
434,2060,medium_variant,female,5yearly,80_84,48.898
434,2060,medium_variant,male,5yearly,80_84,48.283
434,2060,constant_fertility,female,5yearly,85_89,47.486
434,2060,constant_fertility,male,5yearly,85_89,36.772
434,2060,high_variant,female,5yearly,85_89,47.486
434,2060,high_variant,male,5yearly,85_89,36.772
434,2060,low_variant,female,5yearly,85_89,47.486
434,2060,low_variant,male,5yearly,85_89,36.772
434,2060,medium_variant,female,5yearly,85_89,47.486
434,2060,medium_variant,male,5yearly,85_89,36.772
434,2060,constant_fertility,female,5yearly,90_94,28.537
434,2060,constant_fertility,male,5yearly,90_94,15.758
434,2060,high_variant,female,5yearly,90_94,28.537
434,2060,high_variant,male,5yearly,90_94,15.757
434,2060,low_variant,female,5yearly,90_94,28.537
434,2060,low_variant,male,5yearly,90_94,15.757
434,2060,medium_variant,female,5yearly,90_94,28.537
434,2060,medium_variant,male,5yearly,90_94,15.757
434,2060,constant_fertility,female,5yearly,95plus,10.381
434,2060,constant_fertility,male,5yearly,95plus,3.341
434,2060,high_variant,female,5yearly,95plus,10.381
434,2060,high_variant,male,5yearly,95plus,3.341
434,2060,low_variant,female,5yearly,95plus,10.381
434,2060,low_variant,male,5yearly,95plus,3.341
434,2060,medium_variant,female,5yearly,95plus,10.381
434,2060,medium_variant,male,5yearly,95plus,3.341
434,2065,constant_fertility,female,5yearly,"Region, subregion, country or area *",Libya
434,2065,constant_fertility,male,5yearly,"Region, subregion, country or area *",Libya
434,2065,high_variant,female,5yearly,"Region, subregion, country or area *",Libya
434,2065,high_variant,male,5yearly,"Region, subregion, country or area *",Libya
434,2065,low_variant,female,5yearly,"Region, subregion, country or area *",Libya
434,2065,low_variant,male,5yearly,"Region, subregion, country or area *",Libya
434,2065,medium_variant,female,5yearly,"Region, subregion, country or area *",Libya
434,2065,medium_variant,male,5yearly,"Region, subregion, country or area *",Libya
434,2065,constant_fertility,female,5yearly,0_4,3.013
434,2065,constant_fertility,male,5yearly,0_4,3.837
434,2065,high_variant,female,5yearly,0_4,2.801
434,2065,high_variant,male,5yearly,0_4,3.566
434,2065,low_variant,female,5yearly,0_4,0.875
434,2065,low_variant,male,5yearly,0_4,1.114
434,2065,medium_variant,female,5yearly,0_4,1.695
434,2065,medium_variant,male,5yearly,0_4,2.158
434,2065,constant_fertility,female,5yearly,5_9,0.21
434,2065,constant_fertility,male,5yearly,5_9,0.292
434,2065,high_variant,female,5yearly,5_9,0.199
434,2065,high_variant,male,5yearly,5_9,0.276
434,2065,low_variant,female,5yearly,5_9,0.069
434,2065,low_variant,male,5yearly,5_9,0.097
434,2065,medium_variant,female,5yearly,5_9,0.126
434,2065,medium_variant,male,5yearly,5_9,0.174
434,2065,constant_fertility,female,5yearly,10_14,0.216
434,2065,constant_fertility,male,5yearly,10_14,0.371
434,2065,high_variant,female,5yearly,10_14,0.206
434,2065,high_variant,male,5yearly,10_14,0.354
434,2065,low_variant,female,5yearly,10_14,0.08
434,2065,low_variant,male,5yearly,10_14,0.139
434,2065,medium_variant,female,5yearly,10_14,0.136
434,2065,medium_variant,male,5yearly,10_14,0.235
434,2065,constant_fertility,female,5yearly,15_19,0.35
434,2065,constant_fertility,male,5yearly,15_19,0.789
434,2065,high_variant,female,5yearly,15_19,0.335
434,2065,high_variant,male,5yearly,15_19,0.758
434,2065,low_variant,female,5yearly,15_19,0.149
434,2065,low_variant,male,5yearly,15_19,0.339
434,2065,medium_variant,female,5yearly,15_19,0.235
434,2065,medium_variant,male,5yearly,15_19,0.531
434,2065,constant_fertility,female,5yearly,20_24,0.51
434,2065,constant_fertility,male,5yearly,20_24,1.122
434,2065,high_variant,female,5yearly,20_24,0.49
434,2065,high_variant,male,5yearly,20_24,1.078
434,2065,low_variant,female,5yearly,20_24,0.244
434,2065,low_variant,male,5yearly,20_24,0.535
434,2065,medium_variant,female,5yearly,20_24,0.361
434,2065,medium_variant,male,5yearly,20_24,0.794
434,2065,constant_fertility,female,5yearly,25_29,0.622
434,2065,constant_fertility,male,5yearly,25_29,1.115
434,2065,high_variant,female,5yearly,25_29,0.6
434,2065,high_variant,male,5yearly,25_29,1.074
434,2065,low_variant,female,5yearly,25_29,0.324
434,2065,low_variant,male,5yearly,25_29,0.577
434,2065,medium_variant,female,5yearly,25_29,0.459
434,2065,medium_variant,male,5yearly,25_29,0.821
434,2065,constant_fertility,female,5yearly,30_34,0.757
434,2065,constant_fertility,male,5yearly,30_34,1.159
434,2065,high_variant,female,5yearly,30_34,0.74
434,2065,high_variant,male,5yearly,30_34,1.131
434,2065,low_variant,female,5yearly,30_34,0.417
434,2065,low_variant,male,5yearly,30_34,0.636
434,2065,medium_variant,female,5yearly,30_34,0.578
434,2065,medium_variant,male,5yearly,30_34,0.882
434,2065,constant_fertility,female,5yearly,35_39,1.003
434,2065,constant_fertility,male,5yearly,35_39,1.473
434,2065,high_variant,female,5yearly,35_39,1.005
434,2065,high_variant,male,5yearly,35_39,1.477
434,2065,low_variant,female,5yearly,35_39,0.583
434,2065,low_variant,male,5yearly,35_39,0.854
434,2065,medium_variant,female,5yearly,35_39,0.794
434,2065,medium_variant,male,5yearly,35_39,1.165
434,2065,constant_fertility,female,5yearly,40_44,1.479
434,2065,constant_fertility,male,5yearly,40_44,2.2
434,2065,high_variant,female,5yearly,40_44,1.511
434,2065,high_variant,male,5yearly,40_44,2.248
434,2065,low_variant,female,5yearly,40_44,0.956
434,2065,low_variant,male,5yearly,40_44,1.417
434,2065,medium_variant,female,5yearly,40_44,1.234
434,2065,medium_variant,male,5yearly,40_44,1.832
434,2065,constant_fertility,female,5yearly,45_49,2.286
434,2065,constant_fertility,male,5yearly,45_49,3.581
434,2065,high_variant,female,5yearly,45_49,2.342
434,2065,high_variant,male,5yearly,45_49,3.669
434,2065,low_variant,female,5yearly,45_49,1.728
434,2065,low_variant,male,5yearly,45_49,2.7
434,2065,medium_variant,female,5yearly,45_49,2.035
434,2065,medium_variant,male,5yearly,45_49,3.185
434,2065,constant_fertility,female,5yearly,50_54,3.438
434,2065,constant_fertility,male,5yearly,50_54,6.026
434,2065,high_variant,female,5yearly,50_54,3.478
434,2065,high_variant,male,5yearly,50_54,6.095
434,2065,low_variant,female,5yearly,50_54,3.137
434,2065,low_variant,male,5yearly,50_54,5.508
434,2065,medium_variant,female,5yearly,50_54,3.307
434,2065,medium_variant,male,5yearly,50_54,5.802
434,2065,constant_fertility,female,5yearly,55_59,4.991
434,2065,constant_fertility,male,5yearly,55_59,9.64
434,2065,high_variant,female,5yearly,55_59,4.991
434,2065,high_variant,male,5yearly,55_59,9.64
434,2065,low_variant,female,5yearly,55_59,4.991
434,2065,low_variant,male,5yearly,55_59,9.64
434,2065,medium_variant,female,5yearly,55_59,4.991
434,2065,medium_variant,male,5yearly,55_59,9.64
434,2065,constant_fertility,female,5yearly,60_64,7.443
434,2065,constant_fertility,male,5yearly,60_64,14.263
434,2065,high_variant,female,5yearly,60_64,7.443
434,2065,high_variant,male,5yearly,60_64,14.264
434,2065,low_variant,female,5yearly,60_64,7.443
434,2065,low_variant,male,5yearly,60_64,14.264
434,2065,medium_variant,female,5yearly,60_64,7.443
434,2065,medium_variant,male,5yearly,60_64,14.263
434,2065,constant_fertility,female,5yearly,65_69,12.006
434,2065,constant_fertility,male,5yearly,65_69,20.747
434,2065,high_variant,female,5yearly,65_69,12.006
434,2065,high_variant,male,5yearly,65_69,20.748
434,2065,low_variant,female,5yearly,65_69,12.006
434,2065,low_variant,male,5yearly,65_69,20.747
434,2065,medium_variant,female,5yearly,65_69,12.006
434,2065,medium_variant,male,5yearly,65_69,20.747
434,2065,constant_fertility,female,5yearly,70_74,20.258
434,2065,constant_fertility,male,5yearly,70_74,29.986
434,2065,high_variant,female,5yearly,70_74,20.259
434,2065,high_variant,male,5yearly,70_74,29.985
434,2065,low_variant,female,5yearly,70_74,20.259
434,2065,low_variant,male,5yearly,70_74,29.985
434,2065,medium_variant,female,5yearly,70_74,20.258
434,2065,medium_variant,male,5yearly,70_74,29.986
434,2065,constant_fertility,female,5yearly,75_79,34.069
434,2065,constant_fertility,male,5yearly,75_79,41.402
434,2065,high_variant,female,5yearly,75_79,34.069
434,2065,high_variant,male,5yearly,75_79,41.403
434,2065,low_variant,female,5yearly,75_79,34.069
434,2065,low_variant,male,5yearly,75_79,41.402
434,2065,medium_variant,female,5yearly,75_79,34.069
434,2065,medium_variant,male,5yearly,75_79,41.402
434,2065,constant_fertility,female,5yearly,80_84,49.03
434,2065,constant_fertility,male,5yearly,80_84,48.103
434,2065,high_variant,female,5yearly,80_84,49.03
434,2065,high_variant,male,5yearly,80_84,48.1
434,2065,low_variant,female,5yearly,80_84,49.03
434,2065,low_variant,male,5yearly,80_84,48.102
434,2065,medium_variant,female,5yearly,80_84,49.03
434,2065,medium_variant,male,5yearly,80_84,48.101
434,2065,constant_fertility,female,5yearly,85_89,52.399
434,2065,constant_fertility,male,5yearly,85_89,40.142
434,2065,high_variant,female,5yearly,85_89,52.398
434,2065,high_variant,male,5yearly,85_89,40.143
434,2065,low_variant,female,5yearly,85_89,52.399
434,2065,low_variant,male,5yearly,85_89,40.142
434,2065,medium_variant,female,5yearly,85_89,52.397
434,2065,medium_variant,male,5yearly,85_89,40.143
434,2065,constant_fertility,female,5yearly,90_94,36.172
434,2065,constant_fertility,male,5yearly,90_94,20.036
434,2065,high_variant,female,5yearly,90_94,36.172
434,2065,high_variant,male,5yearly,90_94,20.036
434,2065,low_variant,female,5yearly,90_94,36.172
434,2065,low_variant,male,5yearly,90_94,20.036
434,2065,medium_variant,female,5yearly,90_94,36.172
434,2065,medium_variant,male,5yearly,90_94,20.036
434,2065,constant_fertility,female,5yearly,95plus,15.406
434,2065,constant_fertility,male,5yearly,95plus,5.029
434,2065,high_variant,female,5yearly,95plus,15.406
434,2065,high_variant,male,5yearly,95plus,5.029
434,2065,low_variant,female,5yearly,95plus,15.406
434,2065,low_variant,male,5yearly,95plus,5.029
434,2065,medium_variant,female,5yearly,95plus,15.406
434,2065,medium_variant,male,5yearly,95plus,5.029
434,2070,constant_fertility,female,5yearly,"Region, subregion, country or area *",Libya
434,2070,constant_fertility,male,5yearly,"Region, subregion, country or area *",Libya
434,2070,high_variant,female,5yearly,"Region, subregion, country or area *",Libya
434,2070,high_variant,male,5yearly,"Region, subregion, country or area *",Libya
434,2070,low_variant,female,5yearly,"Region, subregion, country or area *",Libya
434,2070,low_variant,male,5yearly,"Region, subregion, country or area *",Libya
434,2070,medium_variant,female,5yearly,"Region, subregion, country or area *",Libya
434,2070,medium_variant,male,5yearly,"Region, subregion, country or area *",Libya
434,2070,constant_fertility,female,5yearly,0_4,2.959
434,2070,constant_fertility,male,5yearly,0_4,3.625
434,2070,high_variant,female,5yearly,0_4,2.731
434,2070,high_variant,male,5yearly,0_4,3.346
434,2070,low_variant,female,5yearly,0_4,0.801
434,2070,low_variant,male,5yearly,0_4,0.98
434,2070,medium_variant,female,5yearly,0_4,1.606
434,2070,medium_variant,male,5yearly,0_4,1.968
434,2070,constant_fertility,female,5yearly,5_9,0.202
434,2070,constant_fertility,male,5yearly,5_9,0.272
434,2070,high_variant,female,5yearly,5_9,0.189
434,2070,high_variant,male,5yearly,5_9,0.254
434,2070,low_variant,female,5yearly,5_9,0.061
434,2070,low_variant,male,5yearly,5_9,0.081
434,2070,medium_variant,female,5yearly,5_9,0.116
434,2070,medium_variant,male,5yearly,5_9,0.155
434,2070,constant_fertility,female,5yearly,10_14,0.206
434,2070,constant_fertility,male,5yearly,10_14,0.33
434,2070,high_variant,female,5yearly,10_14,0.195
434,2070,high_variant,male,5yearly,10_14,0.312
434,2070,low_variant,female,5yearly,10_14,0.068
434,2070,low_variant,male,5yearly,10_14,0.109
434,2070,medium_variant,female,5yearly,10_14,0.123
434,2070,medium_variant,male,5yearly,10_14,0.198
434,2070,constant_fertility,female,5yearly,15_19,0.33
434,2070,constant_fertility,male,5yearly,15_19,0.699
434,2070,high_variant,female,5yearly,15_19,0.315
434,2070,high_variant,male,5yearly,15_19,0.667
434,2070,low_variant,female,5yearly,15_19,0.123
434,2070,low_variant,male,5yearly,15_19,0.261
434,2070,medium_variant,female,5yearly,15_19,0.209
434,2070,medium_variant,male,5yearly,15_19,0.441
434,2070,constant_fertility,female,5yearly,20_24,0.489
434,2070,constant_fertility,male,5yearly,20_24,0.995
434,2070,high_variant,female,5yearly,20_24,0.469
434,2070,high_variant,male,5yearly,20_24,0.954
434,2070,low_variant,female,5yearly,20_24,0.208
434,2070,low_variant,male,5yearly,20_24,0.42
434,2070,medium_variant,female,5yearly,20_24,0.328
434,2070,medium_variant,male,5yearly,20_24,0.665
434,2070,constant_fertility,female,5yearly,25_29,0.603
434,2070,constant_fertility,male,5yearly,25_29,0.997
434,2070,high_variant,female,5yearly,25_29,0.579
434,2070,high_variant,male,5yearly,25_29,0.958
434,2070,low_variant,female,5yearly,25_29,0.288
434,2070,low_variant,male,5yearly,25_29,0.474
434,2070,medium_variant,female,5yearly,25_29,0.427
434,2070,medium_variant,male,5yearly,25_29,0.704
434,2070,constant_fertility,female,5yearly,30_34,0.729
434,2070,constant_fertility,male,5yearly,30_34,1.036
434,2070,high_variant,female,5yearly,30_34,0.703
434,2070,high_variant,male,5yearly,30_34,0.999
434,2070,low_variant,female,5yearly,30_34,0.379
434,2070,low_variant,male,5yearly,30_34,0.536
434,2070,medium_variant,female,5yearly,30_34,0.538
434,2070,medium_variant,male,5yearly,30_34,0.763
434,2070,constant_fertility,female,5yearly,35_39,0.948
434,2070,constant_fertility,male,5yearly,35_39,1.302
434,2070,high_variant,female,5yearly,35_39,0.926
434,2070,high_variant,male,5yearly,35_39,1.272
434,2070,low_variant,female,5yearly,35_39,0.522
434,2070,low_variant,male,5yearly,35_39,0.714
434,2070,medium_variant,female,5yearly,35_39,0.723
434,2070,medium_variant,male,5yearly,35_39,0.992
434,2070,constant_fertility,female,5yearly,40_44,1.374
434,2070,constant_fertility,male,5yearly,40_44,1.937
434,2070,high_variant,female,5yearly,40_44,1.378
434,2070,high_variant,male,5yearly,40_44,1.943
434,2070,low_variant,female,5yearly,40_44,0.799
434,2070,low_variant,male,5yearly,40_44,1.123
434,2070,medium_variant,female,5yearly,40_44,1.088
434,2070,medium_variant,male,5yearly,40_44,1.533
434,2070,constant_fertility,female,5yearly,45_49,2.123
434,2070,constant_fertility,male,5yearly,45_49,3.205
434,2070,high_variant,female,5yearly,45_49,2.169
434,2070,high_variant,male,5yearly,45_49,3.275
434,2070,low_variant,female,5yearly,45_49,1.373
434,2070,low_variant,male,5yearly,45_49,2.064
434,2070,medium_variant,female,5yearly,45_49,1.771
434,2070,medium_variant,male,5yearly,45_49,2.669
434,2070,constant_fertility,female,5yearly,50_54,3.248
434,2070,constant_fertility,male,5yearly,50_54,5.553
434,2070,high_variant,female,5yearly,50_54,3.327
434,2070,high_variant,male,5yearly,50_54,5.691
434,2070,low_variant,female,5yearly,50_54,2.453
434,2070,low_variant,male,5yearly,50_54,4.192
434,2070,medium_variant,female,5yearly,50_54,2.89
434,2070,medium_variant,male,5yearly,50_54,4.942
434,2070,constant_fertility,female,5yearly,55_59,4.84
434,2070,constant_fertility,male,5yearly,55_59,9.216
434,2070,high_variant,female,5yearly,55_59,4.896
434,2070,high_variant,male,5yearly,55_59,9.322
434,2070,low_variant,female,5yearly,55_59,4.414
434,2070,low_variant,male,5yearly,55_59,8.413
434,2070,medium_variant,female,5yearly,55_59,4.655
434,2070,medium_variant,male,5yearly,55_59,8.868
434,2070,constant_fertility,female,5yearly,60_64,7.416
434,2070,constant_fertility,male,5yearly,60_64,14.092
434,2070,high_variant,female,5yearly,60_64,7.416
434,2070,high_variant,male,5yearly,60_64,14.092
434,2070,low_variant,female,5yearly,60_64,7.416
434,2070,low_variant,male,5yearly,60_64,14.092
434,2070,medium_variant,female,5yearly,60_64,7.416
434,2070,medium_variant,male,5yearly,60_64,14.092
434,2070,constant_fertility,female,5yearly,65_69,11.911
434,2070,constant_fertility,male,5yearly,65_69,20.614
434,2070,high_variant,female,5yearly,65_69,11.911
434,2070,high_variant,male,5yearly,65_69,20.614
434,2070,low_variant,female,5yearly,65_69,11.911
434,2070,low_variant,male,5yearly,65_69,20.614
434,2070,medium_variant,female,5yearly,65_69,11.911
434,2070,medium_variant,male,5yearly,65_69,20.614
434,2070,constant_fertility,female,5yearly,70_74,19.278
434,2070,constant_fertility,male,5yearly,70_74,29.058
434,2070,high_variant,female,5yearly,70_74,19.278
434,2070,high_variant,male,5yearly,70_74,29.058
434,2070,low_variant,female,5yearly,70_74,19.278
434,2070,low_variant,male,5yearly,70_74,29.058
434,2070,medium_variant,female,5yearly,70_74,19.278
434,2070,medium_variant,male,5yearly,70_74,29.058
434,2070,constant_fertility,female,5yearly,75_79,31.244
434,2070,constant_fertility,male,5yearly,75_79,39.012
434,2070,high_variant,female,5yearly,75_79,31.244
434,2070,high_variant,male,5yearly,75_79,39.012
434,2070,low_variant,female,5yearly,75_79,31.244
434,2070,low_variant,male,5yearly,75_79,39.012
434,2070,medium_variant,female,5yearly,75_79,31.244
434,2070,medium_variant,male,5yearly,75_79,39.012
434,2070,constant_fertility,female,5yearly,80_84,46.927
434,2070,constant_fertility,male,5yearly,80_84,46.827
434,2070,high_variant,female,5yearly,80_84,46.927
434,2070,high_variant,male,5yearly,80_84,46.827
434,2070,low_variant,female,5yearly,80_84,46.927
434,2070,low_variant,male,5yearly,80_84,46.827
434,2070,medium_variant,female,5yearly,80_84,46.927
434,2070,medium_variant,male,5yearly,80_84,46.827
434,2070,constant_fertility,female,5yearly,85_89,54.052
434,2070,constant_fertility,male,5yearly,85_89,41.54
434,2070,high_variant,female,5yearly,85_89,54.052
434,2070,high_variant,male,5yearly,85_89,41.537
434,2070,low_variant,female,5yearly,85_89,54.05
434,2070,low_variant,male,5yearly,85_89,41.541
434,2070,medium_variant,female,5yearly,85_89,54.051
434,2070,medium_variant,male,5yearly,85_89,41.539
434,2070,constant_fertility,female,5yearly,90_94,41.223
434,2070,constant_fertility,male,5yearly,90_94,22.717
434,2070,high_variant,female,5yearly,90_94,41.223
434,2070,high_variant,male,5yearly,90_94,22.717
434,2070,low_variant,female,5yearly,90_94,41.223
434,2070,low_variant,male,5yearly,90_94,22.717
434,2070,medium_variant,female,5yearly,90_94,41.223
434,2070,medium_variant,male,5yearly,90_94,22.717
434,2070,constant_fertility,female,5yearly,95plus,20.918
434,2070,constant_fertility,male,5yearly,95plus,6.82
434,2070,high_variant,female,5yearly,95plus,20.918
434,2070,high_variant,male,5yearly,95plus,6.82
434,2070,low_variant,female,5yearly,95plus,20.918
434,2070,low_variant,male,5yearly,95plus,6.82
434,2070,medium_variant,female,5yearly,95plus,20.918
434,2070,medium_variant,male,5yearly,95plus,6.82
434,2075,constant_fertility,female,5yearly,"Region, subregion, country or area *",Libya
434,2075,constant_fertility,male,5yearly,"Region, subregion, country or area *",Libya
434,2075,high_variant,female,5yearly,"Region, subregion, country or area *",Libya
434,2075,high_variant,male,5yearly,"Region, subregion, country or area *",Libya
434,2075,low_variant,female,5yearly,"Region, subregion, country or area *",Libya
434,2075,low_variant,male,5yearly,"Region, subregion, country or area *",Libya
434,2075,medium_variant,female,5yearly,"Region, subregion, country or area *",Libya
434,2075,medium_variant,male,5yearly,"Region, subregion, country or area *",Libya
434,2075,constant_fertility,female,5yearly,0_4,2.915
434,2075,constant_fertility,male,5yearly,0_4,3.576
434,2075,high_variant,female,5yearly,0_4,2.681
434,2075,high_variant,male,5yearly,0_4,3.289
434,2075,low_variant,female,5yearly,0_4,0.724
434,2075,low_variant,male,5yearly,0_4,0.888
434,2075,medium_variant,female,5yearly,0_4,1.518
434,2075,medium_variant,male,5yearly,0_4,1.863
434,2075,constant_fertility,female,5yearly,5_9,0.195
434,2075,constant_fertility,male,5yearly,5_9,0.264
434,2075,high_variant,female,5yearly,5_9,0.18
434,2075,high_variant,male,5yearly,5_9,0.245
434,2075,low_variant,female,5yearly,5_9,0.054
434,2075,low_variant,male,5yearly,5_9,0.074
434,2075,medium_variant,female,5yearly,5_9,0.107
434,2075,medium_variant,male,5yearly,5_9,0.146
434,2075,constant_fertility,female,5yearly,10_14,0.196
434,2075,constant_fertility,male,5yearly,10_14,0.304
434,2075,high_variant,female,5yearly,10_14,0.183
434,2075,high_variant,male,5yearly,10_14,0.285
434,2075,low_variant,female,5yearly,10_14,0.059
434,2075,low_variant,male,5yearly,10_14,0.091
434,2075,medium_variant,female,5yearly,10_14,0.112
434,2075,medium_variant,male,5yearly,10_14,0.174
434,2075,constant_fertility,female,5yearly,15_19,0.313
434,2075,constant_fertility,male,5yearly,15_19,0.617
434,2075,high_variant,female,5yearly,15_19,0.296
434,2075,high_variant,male,5yearly,15_19,0.583
434,2075,low_variant,female,5yearly,15_19,0.103
434,2075,low_variant,male,5yearly,15_19,0.203
434,2075,medium_variant,female,5yearly,15_19,0.187
434,2075,medium_variant,male,5yearly,15_19,0.369
434,2075,constant_fertility,female,5yearly,20_24,0.461
434,2075,constant_fertility,male,5yearly,20_24,0.874
434,2075,high_variant,female,5yearly,20_24,0.439
434,2075,high_variant,male,5yearly,20_24,0.834
434,2075,low_variant,female,5yearly,20_24,0.17
434,2075,low_variant,male,5yearly,20_24,0.322
434,2075,medium_variant,female,5yearly,20_24,0.29
434,2075,medium_variant,male,5yearly,20_24,0.55
434,2075,constant_fertility,female,5yearly,25_29,0.575
434,2075,constant_fertility,male,5yearly,25_29,0.885
434,2075,high_variant,female,5yearly,25_29,0.551
434,2075,high_variant,male,5yearly,25_29,0.848
434,2075,low_variant,female,5yearly,25_29,0.243
434,2075,low_variant,male,5yearly,25_29,0.373
434,2075,medium_variant,female,5yearly,25_29,0.385
434,2075,medium_variant,male,5yearly,25_29,0.591
434,2075,constant_fertility,female,5yearly,30_34,0.703
434,2075,constant_fertility,male,5yearly,30_34,0.931
434,2075,high_variant,female,5yearly,30_34,0.675
434,2075,high_variant,male,5yearly,30_34,0.893
434,2075,low_variant,female,5yearly,30_34,0.336
434,2075,low_variant,male,5yearly,30_34,0.441
434,2075,medium_variant,female,5yearly,30_34,0.497
434,2075,medium_variant,male,5yearly,30_34,0.657
434,2075,constant_fertility,female,5yearly,35_39,0.909
434,2075,constant_fertility,male,5yearly,35_39,1.172
434,2075,high_variant,female,5yearly,35_39,0.876
434,2075,high_variant,male,5yearly,35_39,1.131
434,2075,low_variant,female,5yearly,35_39,0.472
434,2075,low_variant,male,5yearly,35_39,0.606
434,2075,medium_variant,female,5yearly,35_39,0.67
434,2075,medium_variant,male,5yearly,35_39,0.864
434,2075,constant_fertility,female,5yearly,40_44,1.293
434,2075,constant_fertility,male,5yearly,40_44,1.739
434,2075,high_variant,female,5yearly,40_44,1.263
434,2075,high_variant,male,5yearly,40_44,1.698
434,2075,low_variant,female,5yearly,40_44,0.712
434,2075,low_variant,male,5yearly,40_44,0.952
434,2075,medium_variant,female,5yearly,40_44,0.986
434,2075,medium_variant,male,5yearly,40_44,1.324
434,2075,constant_fertility,female,5yearly,45_49,1.964
434,2075,constant_fertility,male,5yearly,45_49,2.864
434,2075,high_variant,female,5yearly,45_49,1.97
434,2075,high_variant,male,5yearly,45_49,2.872
434,2075,low_variant,female,5yearly,45_49,1.143
434,2075,low_variant,male,5yearly,45_49,1.658
434,2075,medium_variant,female,5yearly,45_49,1.556
434,2075,medium_variant,male,5yearly,45_49,2.265
434,2075,constant_fertility,female,5yearly,50_54,3.003
434,2075,constant_fertility,male,5yearly,50_54,5.002
434,2075,high_variant,female,5yearly,50_54,3.068
434,2075,high_variant,male,5yearly,50_54,5.111
434,2075,low_variant,female,5yearly,50_54,1.94
434,2075,low_variant,male,5yearly,50_54,3.224
434,2075,medium_variant,female,5yearly,50_54,2.504
434,2075,medium_variant,male,5yearly,50_54,4.168
434,2075,constant_fertility,female,5yearly,55_59,4.548
434,2075,constant_fertility,male,5yearly,55_59,8.501
434,2075,high_variant,female,5yearly,55_59,4.66
434,2075,high_variant,male,5yearly,55_59,8.712
434,2075,low_variant,female,5yearly,55_59,3.433
434,2075,low_variant,male,5yearly,55_59,6.411
434,2075,medium_variant,female,5yearly,55_59,4.047
434,2075,medium_variant,male,5yearly,55_59,7.561
434,2075,constant_fertility,female,5yearly,60_64,7.178
434,2075,constant_fertility,male,5yearly,60_64,13.472
434,2075,high_variant,female,5yearly,60_64,7.26
434,2075,high_variant,male,5yearly,60_64,13.629
434,2075,low_variant,female,5yearly,60_64,6.556
434,2075,low_variant,male,5yearly,60_64,12.287
434,2075,medium_variant,female,5yearly,60_64,6.908
434,2075,medium_variant,male,5yearly,60_64,12.958
434,2075,constant_fertility,female,5yearly,65_69,11.915
434,2075,constant_fertility,male,5yearly,65_69,20.434
434,2075,high_variant,female,5yearly,65_69,11.915
434,2075,high_variant,male,5yearly,65_69,20.434
434,2075,low_variant,female,5yearly,65_69,11.915
434,2075,low_variant,male,5yearly,65_69,20.434
434,2075,medium_variant,female,5yearly,65_69,11.915
434,2075,medium_variant,male,5yearly,65_69,20.434
434,2075,constant_fertility,female,5yearly,70_74,19.263
434,2075,constant_fertility,male,5yearly,70_74,29.035
434,2075,high_variant,female,5yearly,70_74,19.263
434,2075,high_variant,male,5yearly,70_74,29.035
434,2075,low_variant,female,5yearly,70_74,19.263
434,2075,low_variant,male,5yearly,70_74,29.035
434,2075,medium_variant,female,5yearly,70_74,19.263
434,2075,medium_variant,male,5yearly,70_74,29.035
434,2075,constant_fertility,female,5yearly,75_79,30.033
434,2075,constant_fertility,male,5yearly,75_79,38.201
434,2075,high_variant,female,5yearly,75_79,30.033
434,2075,high_variant,male,5yearly,75_79,38.201
434,2075,low_variant,female,5yearly,75_79,30.033
434,2075,low_variant,male,5yearly,75_79,38.201
434,2075,medium_variant,female,5yearly,75_79,30.033
434,2075,medium_variant,male,5yearly,75_79,38.201
434,2075,constant_fertility,female,5yearly,80_84,43.731
434,2075,constant_fertility,male,5yearly,80_84,45.012
434,2075,high_variant,female,5yearly,80_84,43.731
434,2075,high_variant,male,5yearly,80_84,45.013
434,2075,low_variant,female,5yearly,80_84,43.731
434,2075,low_variant,male,5yearly,80_84,45.013
434,2075,medium_variant,female,5yearly,80_84,43.731
434,2075,medium_variant,male,5yearly,80_84,45.012
434,2075,constant_fertility,female,5yearly,85_89,52.849
434,2075,constant_fertility,male,5yearly,85_89,41.612
434,2075,high_variant,female,5yearly,85_89,52.85
434,2075,high_variant,male,5yearly,85_89,41.611
434,2075,low_variant,female,5yearly,85_89,52.851
434,2075,low_variant,male,5yearly,85_89,41.61
434,2075,medium_variant,female,5yearly,85_89,52.851
434,2075,medium_variant,male,5yearly,85_89,41.609
434,2075,constant_fertility,female,5yearly,90_94,43.873
434,2075,constant_fertility,male,5yearly,90_94,24.517
434,2075,high_variant,female,5yearly,90_94,43.873
434,2075,high_variant,male,5yearly,90_94,24.517
434,2075,low_variant,female,5yearly,90_94,43.873
434,2075,low_variant,male,5yearly,90_94,24.517
434,2075,medium_variant,female,5yearly,90_94,43.873
434,2075,medium_variant,male,5yearly,90_94,24.517
434,2075,constant_fertility,female,5yearly,95plus,25.584
434,2075,constant_fertility,male,5yearly,95plus,8.266
434,2075,high_variant,female,5yearly,95plus,25.584
434,2075,high_variant,male,5yearly,95plus,8.266
434,2075,low_variant,female,5yearly,95plus,25.584
434,2075,low_variant,male,5yearly,95plus,8.266
434,2075,medium_variant,female,5yearly,95plus,25.584
434,2075,medium_variant,male,5yearly,95plus,8.266
434,2080,constant_fertility,female,5yearly,"Region, subregion, country or area *",Libya
434,2080,constant_fertility,male,5yearly,"Region, subregion, country or area *",Libya
434,2080,high_variant,female,5yearly,"Region, subregion, country or area *",Libya
434,2080,high_variant,male,5yearly,"Region, subregion, country or area *",Libya
434,2080,low_variant,female,5yearly,"Region, subregion, country or area *",Libya
434,2080,low_variant,male,5yearly,"Region, subregion, country or area *",Libya
434,2080,medium_variant,female,5yearly,"Region, subregion, country or area *",Libya
434,2080,medium_variant,male,5yearly,"Region, subregion, country or area *",Libya
434,2080,constant_fertility,female,5yearly,0_4,2.891
434,2080,constant_fertility,male,5yearly,0_4,3.546
434,2080,high_variant,female,5yearly,0_4,2.649
434,2080,high_variant,male,5yearly,0_4,3.25
434,2080,low_variant,female,5yearly,0_4,0.646
434,2080,low_variant,male,5yearly,0_4,0.791
434,2080,medium_variant,female,5yearly,0_4,1.433
434,2080,medium_variant,male,5yearly,0_4,1.757
434,2080,constant_fertility,female,5yearly,5_9,0.191
434,2080,constant_fertility,male,5yearly,5_9,0.258
434,2080,high_variant,female,5yearly,5_9,0.176
434,2080,high_variant,male,5yearly,5_9,0.237
434,2080,low_variant,female,5yearly,5_9,0.049
434,2080,low_variant,male,5yearly,5_9,0.067
434,2080,medium_variant,female,5yearly,5_9,0.102
434,2080,medium_variant,male,5yearly,5_9,0.136
434,2080,constant_fertility,female,5yearly,10_14,0.189
434,2080,constant_fertility,male,5yearly,10_14,0.288
434,2080,high_variant,female,5yearly,10_14,0.175
434,2080,high_variant,male,5yearly,10_14,0.266
434,2080,low_variant,female,5yearly,10_14,0.053
434,2080,low_variant,male,5yearly,10_14,0.08
434,2080,medium_variant,female,5yearly,10_14,0.104
434,2080,medium_variant,male,5yearly,10_14,0.159
434,2080,constant_fertility,female,5yearly,15_19,0.298
434,2080,constant_fertility,male,5yearly,15_19,0.547
434,2080,high_variant,female,5yearly,15_19,0.278
434,2080,high_variant,male,5yearly,15_19,0.512
434,2080,low_variant,female,5yearly,15_19,0.089
434,2080,low_variant,male,5yearly,15_19,0.164
434,2080,medium_variant,female,5yearly,15_19,0.17
434,2080,medium_variant,male,5yearly,15_19,0.313
434,2080,constant_fertility,female,5yearly,20_24,0.435
434,2080,constant_fertility,male,5yearly,20_24,0.761
434,2080,high_variant,female,5yearly,20_24,0.411
434,2080,high_variant,male,5yearly,20_24,0.718
434,2080,low_variant,female,5yearly,20_24,0.142
434,2080,low_variant,male,5yearly,20_24,0.248
434,2080,medium_variant,female,5yearly,20_24,0.259
434,2080,medium_variant,male,5yearly,20_24,0.453
434,2080,constant_fertility,female,5yearly,25_29,0.541
434,2080,constant_fertility,male,5yearly,25_29,0.774
434,2080,high_variant,female,5yearly,25_29,0.516
434,2080,high_variant,male,5yearly,25_29,0.738
434,2080,low_variant,female,5yearly,25_29,0.199
434,2080,low_variant,male,5yearly,25_29,0.284
434,2080,medium_variant,female,5yearly,25_29,0.34
434,2080,medium_variant,male,5yearly,25_29,0.486
434,2080,constant_fertility,female,5yearly,30_34,0.668
434,2080,constant_fertility,male,5yearly,30_34,0.823
434,2080,high_variant,female,5yearly,30_34,0.64
434,2080,high_variant,male,5yearly,30_34,0.789
434,2080,low_variant,female,5yearly,30_34,0.283
434,2080,low_variant,male,5yearly,30_34,0.346
434,2080,medium_variant,female,5yearly,30_34,0.447
434,2080,medium_variant,male,5yearly,30_34,0.55
434,2080,constant_fertility,female,5yearly,35_39,0.875
434,2080,constant_fertility,male,5yearly,35_39,1.055
434,2080,high_variant,female,5yearly,35_39,0.84
434,2080,high_variant,male,5yearly,35_39,1.013
434,2080,low_variant,female,5yearly,35_39,0.417
434,2080,low_variant,male,5yearly,35_39,0.501
434,2080,medium_variant,female,5yearly,35_39,0.619
434,2080,medium_variant,male,5yearly,35_39,0.745
434,2080,constant_fertility,female,5yearly,40_44,1.24
434,2080,constant_fertility,male,5yearly,40_44,1.585
434,2080,high_variant,female,5yearly,40_44,1.196
434,2080,high_variant,male,5yearly,40_44,1.528
434,2080,low_variant,female,5yearly,40_44,0.644
434,2080,low_variant,male,5yearly,40_44,0.819
434,2080,medium_variant,female,5yearly,40_44,0.915
434,2080,medium_variant,male,5yearly,40_44,1.167
434,2080,constant_fertility,female,5yearly,45_49,1.851
434,2080,constant_fertility,male,5yearly,45_49,2.599
434,2080,high_variant,female,5yearly,45_49,1.808
434,2080,high_variant,male,5yearly,45_49,2.539
434,2080,low_variant,female,5yearly,45_49,1.019
434,2080,low_variant,male,5yearly,45_49,1.423
434,2080,medium_variant,female,5yearly,45_49,1.412
434,2080,medium_variant,male,5yearly,45_49,1.978
434,2080,constant_fertility,female,5yearly,50_54,2.783
434,2080,constant_fertility,male,5yearly,50_54,4.495
434,2080,high_variant,female,5yearly,50_54,2.791
434,2080,high_variant,male,5yearly,50_54,4.51
434,2080,low_variant,female,5yearly,50_54,1.619
434,2080,low_variant,male,5yearly,50_54,2.602
434,2080,medium_variant,female,5yearly,50_54,2.205
434,2080,medium_variant,male,5yearly,50_54,3.555
434,2080,constant_fertility,female,5yearly,55_59,4.215
434,2080,constant_fertility,male,5yearly,55_59,7.689
434,2080,high_variant,female,5yearly,55_59,4.306
434,2080,high_variant,male,5yearly,55_59,7.857
434,2080,low_variant,female,5yearly,55_59,2.722
434,2080,low_variant,male,5yearly,55_59,4.951
434,2080,medium_variant,female,5yearly,55_59,3.514
434,2080,medium_variant,male,5yearly,55_59,6.404
434,2080,constant_fertility,female,5yearly,60_64,6.781
434,2080,constant_fertility,male,5yearly,60_64,12.504
434,2080,high_variant,female,5yearly,60_64,6.947
434,2080,high_variant,male,5yearly,60_64,12.815
434,2080,low_variant,female,5yearly,60_64,5.126
434,2080,low_variant,male,5yearly,60_64,9.421
434,2080,medium_variant,female,5yearly,60_64,6.036
434,2080,medium_variant,male,5yearly,60_64,11.119
434,2080,constant_fertility,female,5yearly,65_69,11.661
434,2080,constant_fertility,male,5yearly,65_69,19.767
434,2080,high_variant,female,5yearly,65_69,11.792
434,2080,high_variant,male,5yearly,65_69,19.996
434,2080,low_variant,female,5yearly,65_69,10.669
434,2080,low_variant,male,5yearly,65_69,18.037
434,2080,medium_variant,female,5yearly,65_69,11.231
434,2080,medium_variant,male,5yearly,65_69,19.016
434,2080,constant_fertility,female,5yearly,70_74,19.528
434,2080,constant_fertility,male,5yearly,70_74,29.197
434,2080,high_variant,female,5yearly,70_74,19.528
434,2080,high_variant,male,5yearly,70_74,29.197
434,2080,low_variant,female,5yearly,70_74,19.528
434,2080,low_variant,male,5yearly,70_74,29.197
434,2080,medium_variant,female,5yearly,70_74,19.529
434,2080,medium_variant,male,5yearly,70_74,29.196
434,2080,constant_fertility,female,5yearly,75_79,30.483
434,2080,constant_fertility,male,5yearly,75_79,38.892
434,2080,high_variant,female,5yearly,75_79,30.483
434,2080,high_variant,male,5yearly,75_79,38.892
434,2080,low_variant,female,5yearly,75_79,30.483
434,2080,low_variant,male,5yearly,75_79,38.891
434,2080,medium_variant,female,5yearly,75_79,30.483
434,2080,medium_variant,male,5yearly,75_79,38.892
434,2080,constant_fertility,female,5yearly,80_84,42.916
434,2080,constant_fertility,male,5yearly,80_84,45.356
434,2080,high_variant,female,5yearly,80_84,42.917
434,2080,high_variant,male,5yearly,80_84,45.355
434,2080,low_variant,female,5yearly,80_84,42.916
434,2080,low_variant,male,5yearly,80_84,45.355
434,2080,medium_variant,female,5yearly,80_84,42.917
434,2080,medium_variant,male,5yearly,80_84,45.355
434,2080,constant_fertility,female,5yearly,85_89,50.644
434,2080,constant_fertility,male,5yearly,85_89,41.739
434,2080,high_variant,female,5yearly,85_89,50.645
434,2080,high_variant,male,5yearly,85_89,41.738
434,2080,low_variant,female,5yearly,85_89,50.643
434,2080,low_variant,male,5yearly,85_89,41.741
434,2080,medium_variant,female,5yearly,85_89,50.643
434,2080,medium_variant,male,5yearly,85_89,41.741
434,2080,constant_fertility,female,5yearly,90_94,44.278
434,2080,constant_fertility,male,5yearly,90_94,25.846
434,2080,high_variant,female,5yearly,90_94,44.278
434,2080,high_variant,male,5yearly,90_94,25.846
434,2080,low_variant,female,5yearly,90_94,44.278
434,2080,low_variant,male,5yearly,90_94,25.845
434,2080,medium_variant,female,5yearly,90_94,44.278
434,2080,medium_variant,male,5yearly,90_94,25.846
434,2080,constant_fertility,female,5yearly,95plus,29.232
434,2080,constant_fertility,male,5yearly,95plus,9.714
434,2080,high_variant,female,5yearly,95plus,29.232
434,2080,high_variant,male,5yearly,95plus,9.715
434,2080,low_variant,female,5yearly,95plus,29.232
434,2080,low_variant,male,5yearly,95plus,9.714
434,2080,medium_variant,female,5yearly,95plus,29.232
434,2080,medium_variant,male,5yearly,95plus,9.715
434,2085,constant_fertility,female,5yearly,"Region, subregion, country or area *",Libya
434,2085,constant_fertility,male,5yearly,"Region, subregion, country or area *",Libya
434,2085,high_variant,female,5yearly,"Region, subregion, country or area *",Libya
434,2085,high_variant,male,5yearly,"Region, subregion, country or area *",Libya
434,2085,low_variant,female,5yearly,"Region, subregion, country or area *",Libya
434,2085,low_variant,male,5yearly,"Region, subregion, country or area *",Libya
434,2085,medium_variant,female,5yearly,"Region, subregion, country or area *",Libya
434,2085,medium_variant,male,5yearly,"Region, subregion, country or area *",Libya
434,2085,constant_fertility,female,5yearly,0_4,2.856
434,2085,constant_fertility,male,5yearly,0_4,3.502
434,2085,high_variant,female,5yearly,0_4,2.6
434,2085,high_variant,male,5yearly,0_4,3.189
434,2085,low_variant,female,5yearly,0_4,0.567
434,2085,low_variant,male,5yearly,0_4,0.694
434,2085,medium_variant,female,5yearly,0_4,1.341
434,2085,medium_variant,male,5yearly,0_4,1.644
434,2085,constant_fertility,female,5yearly,5_9,0.189
434,2085,constant_fertility,male,5yearly,5_9,0.252
434,2085,high_variant,female,5yearly,5_9,0.174
434,2085,high_variant,male,5yearly,5_9,0.231
434,2085,low_variant,female,5yearly,5_9,0.044
434,2085,low_variant,male,5yearly,5_9,0.059
434,2085,medium_variant,female,5yearly,5_9,0.096
434,2085,medium_variant,male,5yearly,5_9,0.128
434,2085,constant_fertility,female,5yearly,10_14,0.185
434,2085,constant_fertility,male,5yearly,10_14,0.274
434,2085,high_variant,female,5yearly,10_14,0.17
434,2085,high_variant,male,5yearly,10_14,0.252
434,2085,low_variant,female,5yearly,10_14,0.048
434,2085,low_variant,male,5yearly,10_14,0.07
434,2085,medium_variant,female,5yearly,10_14,0.098
434,2085,medium_variant,male,5yearly,10_14,0.145
434,2085,constant_fertility,female,5yearly,15_19,0.282
434,2085,constant_fertility,male,5yearly,15_19,0.487
434,2085,high_variant,female,5yearly,15_19,0.261
434,2085,high_variant,male,5yearly,15_19,0.451
434,2085,low_variant,female,5yearly,15_19,0.079
434,2085,low_variant,male,5yearly,15_19,0.135
434,2085,medium_variant,female,5yearly,15_19,0.156
434,2085,medium_variant,male,5yearly,15_19,0.268
434,2085,constant_fertility,female,5yearly,20_24,0.408
434,2085,constant_fertility,male,5yearly,20_24,0.663
434,2085,high_variant,female,5yearly,20_24,0.381
434,2085,high_variant,male,5yearly,20_24,0.619
434,2085,low_variant,female,5yearly,20_24,0.122
434,2085,low_variant,male,5yearly,20_24,0.197
434,2085,medium_variant,female,5yearly,20_24,0.233
434,2085,medium_variant,male,5yearly,20_24,0.378
434,2085,constant_fertility,female,5yearly,25_29,0.507
434,2085,constant_fertility,male,5yearly,25_29,0.671
434,2085,high_variant,female,5yearly,25_29,0.478
434,2085,high_variant,male,5yearly,25_29,0.634
434,2085,low_variant,female,5yearly,25_29,0.165
434,2085,low_variant,male,5yearly,25_29,0.217
434,2085,medium_variant,female,5yearly,25_29,0.301
434,2085,medium_variant,male,5yearly,25_29,0.399
434,2085,constant_fertility,female,5yearly,30_34,0.625
434,2085,constant_fertility,male,5yearly,30_34,0.718
434,2085,high_variant,female,5yearly,30_34,0.596
434,2085,high_variant,male,5yearly,30_34,0.685
434,2085,low_variant,female,5yearly,30_34,0.23
434,2085,low_variant,male,5yearly,30_34,0.263
434,2085,medium_variant,female,5yearly,30_34,0.393
434,2085,medium_variant,male,5yearly,30_34,0.451
434,2085,constant_fertility,female,5yearly,35_39,0.827
434,2085,constant_fertility,male,5yearly,35_39,0.938
434,2085,high_variant,female,5yearly,35_39,0.793
434,2085,high_variant,male,5yearly,35_39,0.899
434,2085,low_variant,female,5yearly,35_39,0.35
434,2085,low_variant,male,5yearly,35_39,0.394
434,2085,medium_variant,female,5yearly,35_39,0.554
434,2085,medium_variant,male,5yearly,35_39,0.626
434,2085,constant_fertility,female,5yearly,40_44,1.185
434,2085,constant_fertility,male,5yearly,40_44,1.438
434,2085,high_variant,female,5yearly,40_44,1.138
434,2085,high_variant,male,5yearly,40_44,1.381
434,2085,low_variant,female,5yearly,40_44,0.566
434,2085,low_variant,male,5yearly,40_44,0.683
434,2085,medium_variant,female,5yearly,40_44,0.839
434,2085,medium_variant,male,5yearly,40_44,1.015
434,2085,constant_fertility,female,5yearly,45_49,1.766
434,2085,constant_fertility,male,5yearly,45_49,2.387
434,2085,high_variant,female,5yearly,45_49,1.703
434,2085,high_variant,male,5yearly,45_49,2.301
434,2085,low_variant,female,5yearly,45_49,0.917
434,2085,low_variant,male,5yearly,45_49,1.233
434,2085,medium_variant,female,5yearly,45_49,1.302
434,2085,medium_variant,male,5yearly,45_49,1.758
434,2085,constant_fertility,female,5yearly,50_54,2.617
434,2085,constant_fertility,male,5yearly,50_54,4.098
434,2085,high_variant,female,5yearly,50_54,2.556
434,2085,high_variant,male,5yearly,50_54,4.003
434,2085,low_variant,female,5yearly,50_54,1.44
434,2085,low_variant,male,5yearly,50_54,2.243
434,2085,medium_variant,female,5yearly,50_54,1.996
434,2085,medium_variant,male,5yearly,50_54,3.119
434,2085,constant_fertility,female,5yearly,55_59,3.893
434,2085,constant_fertility,male,5yearly,55_59,6.923
434,2085,high_variant,female,5yearly,55_59,3.903
434,2085,high_variant,male,5yearly,55_59,6.945
434,2085,low_variant,female,5yearly,55_59,2.263
434,2085,low_variant,male,5yearly,55_59,4.006
434,2085,medium_variant,female,5yearly,55_59,3.083
434,2085,medium_variant,male,5yearly,55_59,5.475
434,2085,constant_fertility,female,5yearly,60_64,6.28
434,2085,constant_fertility,male,5yearly,60_64,11.349
434,2085,high_variant,female,5yearly,60_64,6.416
434,2085,high_variant,male,5yearly,60_64,11.596
434,2085,low_variant,female,5yearly,60_64,4.06
434,2085,low_variant,male,5yearly,60_64,7.302
434,2085,medium_variant,female,5yearly,60_64,5.238
434,2085,medium_variant,male,5yearly,60_64,9.449
434,2085,constant_fertility,female,5yearly,65_69,11.085
434,2085,constant_fertility,male,5yearly,65_69,18.506
434,2085,high_variant,female,5yearly,65_69,11.357
434,2085,high_variant,male,5yearly,65_69,18.965
434,2085,low_variant,female,5yearly,65_69,8.391
434,2085,low_variant,male,5yearly,65_69,13.952
434,2085,medium_variant,female,5yearly,65_69,9.874
434,2085,medium_variant,male,5yearly,65_69,16.459
434,2085,constant_fertility,female,5yearly,70_74,19.268
434,2085,constant_fertility,male,5yearly,70_74,28.54
434,2085,high_variant,female,5yearly,70_74,19.486
434,2085,high_variant,male,5yearly,70_74,28.874
434,2085,low_variant,female,5yearly,70_74,17.62
434,2085,low_variant,male,5yearly,70_74,26.01
434,2085,medium_variant,female,5yearly,70_74,18.553
434,2085,medium_variant,male,5yearly,70_74,27.442
434,2085,constant_fertility,female,5yearly,75_79,31.212
434,2085,constant_fertility,male,5yearly,75_79,39.675
434,2085,high_variant,female,5yearly,75_79,31.212
434,2085,high_variant,male,5yearly,75_79,39.675
434,2085,low_variant,female,5yearly,75_79,31.212
434,2085,low_variant,male,5yearly,75_79,39.675
434,2085,medium_variant,female,5yearly,75_79,31.212
434,2085,medium_variant,male,5yearly,75_79,39.675
434,2085,constant_fertility,female,5yearly,80_84,44.187
434,2085,constant_fertility,male,5yearly,80_84,47.315
434,2085,high_variant,female,5yearly,80_84,44.187
434,2085,high_variant,male,5yearly,80_84,47.315
434,2085,low_variant,female,5yearly,80_84,44.187
434,2085,low_variant,male,5yearly,80_84,47.314
434,2085,medium_variant,female,5yearly,80_84,44.187
434,2085,medium_variant,male,5yearly,80_84,47.315
434,2085,constant_fertility,female,5yearly,85_89,50.817
434,2085,constant_fertility,male,5yearly,85_89,43.765
434,2085,high_variant,female,5yearly,85_89,50.819
434,2085,high_variant,male,5yearly,85_89,43.763
434,2085,low_variant,female,5yearly,85_89,50.816
434,2085,low_variant,male,5yearly,85_89,43.766
434,2085,medium_variant,female,5yearly,85_89,50.818
434,2085,medium_variant,male,5yearly,85_89,43.765
434,2085,constant_fertility,female,5yearly,90_94,43.713
434,2085,constant_fertility,male,5yearly,90_94,27.384
434,2085,high_variant,female,5yearly,90_94,43.712
434,2085,high_variant,male,5yearly,90_94,27.385
434,2085,low_variant,female,5yearly,90_94,43.712
434,2085,low_variant,male,5yearly,90_94,27.385
434,2085,medium_variant,female,5yearly,90_94,43.713
434,2085,medium_variant,male,5yearly,90_94,27.384
434,2085,constant_fertility,female,5yearly,95plus,31.562
434,2085,constant_fertility,male,5yearly,95plus,11.156
434,2085,high_variant,female,5yearly,95plus,31.562
434,2085,high_variant,male,5yearly,95plus,11.156
434,2085,low_variant,female,5yearly,95plus,31.562
434,2085,low_variant,male,5yearly,95plus,11.155
434,2085,medium_variant,female,5yearly,95plus,31.562
434,2085,medium_variant,male,5yearly,95plus,11.156
434,2090,constant_fertility,female,5yearly,"Region, subregion, country or area *",Libya
434,2090,constant_fertility,male,5yearly,"Region, subregion, country or area *",Libya
434,2090,high_variant,female,5yearly,"Region, subregion, country or area *",Libya
434,2090,high_variant,male,5yearly,"Region, subregion, country or area *",Libya
434,2090,low_variant,female,5yearly,"Region, subregion, country or area *",Libya
434,2090,low_variant,male,5yearly,"Region, subregion, country or area *",Libya
434,2090,medium_variant,female,5yearly,"Region, subregion, country or area *",Libya
434,2090,medium_variant,male,5yearly,"Region, subregion, country or area *",Libya
434,2090,constant_fertility,female,5yearly,0_4,2.824
434,2090,constant_fertility,male,5yearly,0_4,3.458
434,2090,high_variant,female,5yearly,0_4,2.554
434,2090,high_variant,male,5yearly,0_4,3.127
434,2090,low_variant,female,5yearly,0_4,0.502
434,2090,low_variant,male,5yearly,0_4,0.614
434,2090,medium_variant,female,5yearly,0_4,1.262
434,2090,medium_variant,male,5yearly,0_4,1.545
434,2090,constant_fertility,female,5yearly,5_9,0.183
434,2090,constant_fertility,male,5yearly,5_9,0.248
434,2090,high_variant,female,5yearly,5_9,0.168
434,2090,high_variant,male,5yearly,5_9,0.225
434,2090,low_variant,female,5yearly,5_9,0.038
434,2090,low_variant,male,5yearly,5_9,0.052
434,2090,medium_variant,female,5yearly,5_9,0.088
434,2090,medium_variant,male,5yearly,5_9,0.119
434,2090,constant_fertility,female,5yearly,10_14,0.178
434,2090,constant_fertility,male,5yearly,10_14,0.263
434,2090,high_variant,female,5yearly,10_14,0.163
434,2090,high_variant,male,5yearly,10_14,0.242
434,2090,low_variant,female,5yearly,10_14,0.042
434,2090,low_variant,male,5yearly,10_14,0.061
434,2090,medium_variant,female,5yearly,10_14,0.09
434,2090,medium_variant,male,5yearly,10_14,0.133
434,2090,constant_fertility,female,5yearly,15_19,0.272
434,2090,constant_fertility,male,5yearly,15_19,0.441
434,2090,high_variant,female,5yearly,15_19,0.251
434,2090,high_variant,male,5yearly,15_19,0.405
434,2090,low_variant,female,5yearly,15_19,0.07
434,2090,low_variant,male,5yearly,15_19,0.114
434,2090,medium_variant,female,5yearly,15_19,0.144
434,2090,medium_variant,male,5yearly,15_19,0.234
434,2090,constant_fertility,female,5yearly,20_24,0.388
434,2090,constant_fertility,male,5yearly,20_24,0.586
434,2090,high_variant,female,5yearly,20_24,0.359
434,2090,high_variant,male,5yearly,20_24,0.542
434,2090,low_variant,female,5yearly,20_24,0.107
434,2090,low_variant,male,5yearly,20_24,0.162
434,2090,medium_variant,female,5yearly,20_24,0.213
434,2090,medium_variant,male,5yearly,20_24,0.322
434,2090,constant_fertility,female,5yearly,25_29,0.474
434,2090,constant_fertility,male,5yearly,25_29,0.586
434,2090,high_variant,female,5yearly,25_29,0.443
434,2090,high_variant,male,5yearly,25_29,0.546
434,2090,low_variant,female,5yearly,25_29,0.141
434,2090,low_variant,male,5yearly,25_29,0.173
434,2090,medium_variant,female,5yearly,25_29,0.27
434,2090,medium_variant,male,5yearly,25_29,0.333
434,2090,constant_fertility,female,5yearly,30_34,0.582
434,2090,constant_fertility,male,5yearly,30_34,0.622
434,2090,high_variant,female,5yearly,30_34,0.549
434,2090,high_variant,male,5yearly,30_34,0.588
434,2090,low_variant,female,5yearly,30_34,0.189
434,2090,low_variant,male,5yearly,30_34,0.201
434,2090,medium_variant,female,5yearly,30_34,0.346
434,2090,medium_variant,male,5yearly,30_34,0.369
434,2090,constant_fertility,female,5yearly,35_39,0.771
434,2090,constant_fertility,male,5yearly,35_39,0.82
434,2090,high_variant,female,5yearly,35_39,0.735
434,2090,high_variant,male,5yearly,35_39,0.782
434,2090,low_variant,female,5yearly,35_39,0.284
434,2090,low_variant,male,5yearly,35_39,0.3
434,2090,medium_variant,female,5yearly,35_39,0.485
434,2090,medium_variant,male,5yearly,35_39,0.515
434,2090,constant_fertility,female,5yearly,40_44,1.12
434,2090,constant_fertility,male,5yearly,40_44,1.293
434,2090,high_variant,female,5yearly,40_44,1.073
434,2090,high_variant,male,5yearly,40_44,1.24
434,2090,low_variant,female,5yearly,40_44,0.474
434,2090,low_variant,male,5yearly,40_44,0.544
434,2090,medium_variant,female,5yearly,40_44,0.75
434,2090,medium_variant,male,5yearly,40_44,0.864
434,2090,constant_fertility,female,5yearly,45_49,1.687
434,2090,constant_fertility,male,5yearly,45_49,2.198
434,2090,high_variant,female,5yearly,45_49,1.62
434,2090,high_variant,male,5yearly,45_49,2.11
434,2090,low_variant,female,5yearly,45_49,0.805
434,2090,low_variant,male,5yearly,45_49,1.044
434,2090,medium_variant,female,5yearly,45_49,1.193
434,2090,medium_variant,male,5yearly,45_49,1.553
434,2090,constant_fertility,female,5yearly,50_54,2.496
434,2090,constant_fertility,male,5yearly,50_54,3.798
434,2090,high_variant,female,5yearly,50_54,2.407
434,2090,high_variant,male,5yearly,50_54,3.662
434,2090,low_variant,female,5yearly,50_54,1.296
434,2090,low_variant,male,5yearly,50_54,1.962
434,2090,medium_variant,female,5yearly,50_54,1.841
434,2090,medium_variant,male,5yearly,50_54,2.797
434,2090,constant_fertility,female,5yearly,55_59,3.654
434,2090,constant_fertility,male,5yearly,55_59,6.348
434,2090,high_variant,female,5yearly,55_59,3.569
434,2090,high_variant,male,5yearly,55_59,6.2
434,2090,low_variant,female,5yearly,55_59,2.009
434,2090,low_variant,male,5yearly,55_59,3.474
434,2090,medium_variant,female,5yearly,55_59,2.786
434,2090,medium_variant,male,5yearly,55_59,4.831
434,2090,constant_fertility,female,5yearly,60_64,5.808
434,2090,constant_fertility,male,5yearly,60_64,10.304
434,2090,high_variant,female,5yearly,60_64,5.826
434,2090,high_variant,male,5yearly,60_64,10.334
434,2090,low_variant,female,5yearly,60_64,3.379
434,2090,low_variant,male,5yearly,60_64,5.959
434,2090,medium_variant,female,5yearly,60_64,4.602
434,2090,medium_variant,male,5yearly,60_64,8.146
434,2090,constant_fertility,female,5yearly,65_69,10.354
434,2090,constant_fertility,male,5yearly,65_69,17.042
434,2090,high_variant,female,5yearly,65_69,10.579
434,2090,high_variant,male,5yearly,65_69,17.414
434,2090,low_variant,female,5yearly,65_69,6.703
434,2090,low_variant,male,5yearly,65_69,10.971
434,2090,medium_variant,female,5yearly,65_69,8.641
434,2090,medium_variant,male,5yearly,65_69,14.193
434,2090,constant_fertility,female,5yearly,70_74,18.509
434,2090,constant_fertility,male,5yearly,70_74,27.167
434,2090,high_variant,female,5yearly,70_74,18.964
434,2090,high_variant,male,5yearly,70_74,27.841
434,2090,low_variant,female,5yearly,70_74,14.005
434,2090,low_variant,male,5yearly,70_74,20.459
434,2090,medium_variant,female,5yearly,70_74,16.485
434,2090,medium_variant,male,5yearly,70_74,24.149
434,2090,constant_fertility,female,5yearly,75_79,31.164
434,2090,constant_fertility,male,5yearly,75_79,39.573
434,2090,high_variant,female,5yearly,75_79,31.517
434,2090,high_variant,male,5yearly,75_79,40.042
434,2090,low_variant,female,5yearly,75_79,28.496
434,2090,low_variant,male,5yearly,75_79,36.027
434,2090,medium_variant,female,5yearly,75_79,30.006
434,2090,medium_variant,male,5yearly,75_79,38.035
434,2090,constant_fertility,female,5yearly,80_84,45.927
434,2090,constant_fertility,male,5yearly,80_84,49.682
434,2090,high_variant,female,5yearly,80_84,45.927
434,2090,high_variant,male,5yearly,80_84,49.682
434,2090,low_variant,female,5yearly,80_84,45.927
434,2090,low_variant,male,5yearly,80_84,49.682
434,2090,medium_variant,female,5yearly,80_84,45.927
434,2090,medium_variant,male,5yearly,80_84,49.682
434,2090,constant_fertility,female,5yearly,85_89,53.502
434,2090,constant_fertility,male,5yearly,85_89,47.677
434,2090,high_variant,female,5yearly,85_89,53.502
434,2090,high_variant,male,5yearly,85_89,47.679
434,2090,low_variant,female,5yearly,85_89,53.504
434,2090,low_variant,male,5yearly,85_89,47.677
434,2090,medium_variant,female,5yearly,85_89,53.503
434,2090,medium_variant,male,5yearly,85_89,47.676
434,2090,constant_fertility,female,5yearly,90_94,45.238
434,2090,constant_fertility,male,5yearly,90_94,30.465
434,2090,high_variant,female,5yearly,90_94,45.238
434,2090,high_variant,male,5yearly,90_94,30.465
434,2090,low_variant,female,5yearly,90_94,45.238
434,2090,low_variant,male,5yearly,90_94,30.465
434,2090,medium_variant,female,5yearly,90_94,45.238
434,2090,medium_variant,male,5yearly,90_94,30.465
434,2090,constant_fertility,female,5yearly,95plus,33.197
434,2090,constant_fertility,male,5yearly,95plus,12.953
434,2090,high_variant,female,5yearly,95plus,33.197
434,2090,high_variant,male,5yearly,95plus,12.953
434,2090,low_variant,female,5yearly,95plus,33.197
434,2090,low_variant,male,5yearly,95plus,12.953
434,2090,medium_variant,female,5yearly,95plus,33.197
434,2090,medium_variant,male,5yearly,95plus,12.953
434,2095,constant_fertility,female,5yearly,"Region, subregion, country or area *",Libya
434,2095,constant_fertility,male,5yearly,"Region, subregion, country or area *",Libya
434,2095,high_variant,female,5yearly,"Region, subregion, country or area *",Libya
434,2095,high_variant,male,5yearly,"Region, subregion, country or area *",Libya
434,2095,low_variant,female,5yearly,"Region, subregion, country or area *",Libya
434,2095,low_variant,male,5yearly,"Region, subregion, country or area *",Libya
434,2095,medium_variant,female,5yearly,"Region, subregion, country or area *",Libya
434,2095,medium_variant,male,5yearly,"Region, subregion, country or area *",Libya
434,2095,constant_fertility,female,5yearly,0_4,2.934
434,2095,constant_fertility,male,5yearly,0_4,3.597
434,2095,high_variant,female,5yearly,0_4,2.636
434,2095,high_variant,male,5yearly,0_4,3.231
434,2095,low_variant,female,5yearly,0_4,0.474
434,2095,low_variant,male,5yearly,0_4,0.581
434,2095,medium_variant,female,5yearly,0_4,1.256
434,2095,medium_variant,male,5yearly,0_4,1.54
434,2095,constant_fertility,female,5yearly,5_9,0.185
434,2095,constant_fertility,male,5yearly,5_9,0.247
434,2095,high_variant,female,5yearly,5_9,0.167
434,2095,high_variant,male,5yearly,5_9,0.225
434,2095,low_variant,female,5yearly,5_9,0.034
434,2095,low_variant,male,5yearly,5_9,0.047
434,2095,medium_variant,female,5yearly,5_9,0.084
434,2095,medium_variant,male,5yearly,5_9,0.113
434,2095,constant_fertility,female,5yearly,10_14,0.176
434,2095,constant_fertility,male,5yearly,10_14,0.251
434,2095,high_variant,female,5yearly,10_14,0.16
434,2095,high_variant,male,5yearly,10_14,0.23
434,2095,low_variant,female,5yearly,10_14,0.037
434,2095,low_variant,male,5yearly,10_14,0.052
434,2095,medium_variant,female,5yearly,10_14,0.084
434,2095,medium_variant,male,5yearly,10_14,0.121
434,2095,constant_fertility,female,5yearly,15_19,0.261
434,2095,constant_fertility,male,5yearly,15_19,0.382
434,2095,high_variant,female,5yearly,15_19,0.24
434,2095,high_variant,male,5yearly,15_19,0.35
434,2095,low_variant,female,5yearly,15_19,0.061
434,2095,low_variant,male,5yearly,15_19,0.089
434,2095,medium_variant,female,5yearly,15_19,0.132
434,2095,medium_variant,male,5yearly,15_19,0.194
434,2095,constant_fertility,female,5yearly,20_24,0.367
434,2095,constant_fertility,male,5yearly,20_24,0.493
434,2095,high_variant,female,5yearly,20_24,0.338
434,2095,high_variant,male,5yearly,20_24,0.454
434,2095,low_variant,female,5yearly,20_24,0.094
434,2095,low_variant,male,5yearly,20_24,0.126
434,2095,medium_variant,female,5yearly,20_24,0.194
434,2095,medium_variant,male,5yearly,20_24,0.261
434,2095,constant_fertility,female,5yearly,25_29,0.441
434,2095,constant_fertility,male,5yearly,25_29,0.487
434,2095,high_variant,female,5yearly,25_29,0.408
434,2095,high_variant,male,5yearly,25_29,0.45
434,2095,low_variant,female,5yearly,25_29,0.122
434,2095,low_variant,male,5yearly,25_29,0.134
434,2095,medium_variant,female,5yearly,25_29,0.242
434,2095,medium_variant,male,5yearly,25_29,0.267
434,2095,constant_fertility,female,5yearly,30_34,0.534
434,2095,constant_fertility,male,5yearly,30_34,0.512
434,2095,high_variant,female,5yearly,30_34,0.499
434,2095,high_variant,male,5yearly,30_34,0.477
434,2095,low_variant,female,5yearly,30_34,0.159
434,2095,low_variant,male,5yearly,30_34,0.15
434,2095,medium_variant,female,5yearly,30_34,0.304
434,2095,medium_variant,male,5yearly,30_34,0.291
434,2095,constant_fertility,female,5yearly,35_39,0.701
434,2095,constant_fertility,male,5yearly,35_39,0.675
434,2095,high_variant,female,5yearly,35_39,0.662
434,2095,high_variant,male,5yearly,35_39,0.638
434,2095,low_variant,female,5yearly,35_39,0.228
434,2095,low_variant,male,5yearly,35_39,0.218
434,2095,medium_variant,female,5yearly,35_39,0.417
434,2095,medium_variant,male,5yearly,35_39,0.401
434,2095,constant_fertility,female,5yearly,40_44,1.017
434,2095,constant_fertility,male,5yearly,40_44,1.102
434,2095,high_variant,female,5yearly,40_44,0.97
434,2095,high_variant,male,5yearly,40_44,1.052
434,2095,low_variant,female,5yearly,40_44,0.375
434,2095,low_variant,male,5yearly,40_44,0.403
434,2095,medium_variant,female,5yearly,40_44,0.64
434,2095,medium_variant,male,5yearly,40_44,0.692
434,2095,constant_fertility,female,5yearly,45_49,1.557
434,2095,constant_fertility,male,5yearly,45_49,1.954
434,2095,high_variant,female,5yearly,45_49,1.492
434,2095,high_variant,male,5yearly,45_49,1.873
434,2095,low_variant,female,5yearly,45_49,0.659
434,2095,low_variant,male,5yearly,45_49,0.822
434,2095,medium_variant,female,5yearly,45_49,1.042
434,2095,medium_variant,male,5yearly,45_49,1.306
434,2095,constant_fertility,female,5yearly,50_54,2.339
434,2095,constant_fertility,male,5yearly,50_54,3.472
434,2095,high_variant,female,5yearly,50_54,2.246
434,2095,high_variant,male,5yearly,50_54,3.333
434,2095,low_variant,female,5yearly,50_54,1.116
434,2095,low_variant,male,5yearly,50_54,1.648
434,2095,medium_variant,female,5yearly,50_54,1.655
434,2095,medium_variant,male,5yearly,50_54,2.452
434,2095,constant_fertility,female,5yearly,55_59,3.428
434,2095,constant_fertility,male,5yearly,55_59,5.864
434,2095,high_variant,female,5yearly,55_59,3.306
434,2095,high_variant,male,5yearly,55_59,5.653
434,2095,low_variant,female,5yearly,55_59,1.779
434,2095,low_variant,male,5yearly,55_59,3.027
434,2095,medium_variant,female,5yearly,55_59,2.528
434,2095,medium_variant,male,5yearly,55_59,4.317
434,2095,constant_fertility,female,5yearly,60_64,5.407
434,2095,constant_fertility,male,5yearly,60_64,9.494
434,2095,high_variant,female,5yearly,60_64,5.282
434,2095,high_variant,male,5yearly,60_64,9.273
434,2095,low_variant,female,5yearly,60_64,2.975
434,2095,low_variant,male,5yearly,60_64,5.193
434,2095,medium_variant,female,5yearly,60_64,4.124
434,2095,medium_variant,male,5yearly,60_64,7.224
434,2095,constant_fertility,female,5yearly,65_69,9.627
434,2095,constant_fertility,male,5yearly,65_69,15.726
434,2095,high_variant,female,5yearly,65_69,9.659
434,2095,high_variant,male,5yearly,65_69,15.776
434,2095,low_variant,female,5yearly,65_69,5.604
434,2095,low_variant,male,5yearly,65_69,9.098
434,2095,medium_variant,female,5yearly,65_69,7.631
434,2095,medium_variant,male,5yearly,65_69,12.435
434,2095,constant_fertility,female,5yearly,70_74,17.507
434,2095,constant_fertility,male,5yearly,70_74,25.508
434,2095,high_variant,female,5yearly,70_74,17.887
434,2095,high_variant,male,5yearly,70_74,26.065
434,2095,low_variant,female,5yearly,70_74,11.33
434,2095,low_variant,male,5yearly,70_74,16.406
434,2095,medium_variant,female,5yearly,70_74,14.608
434,2095,medium_variant,male,5yearly,70_74,21.236
434,2095,constant_fertility,female,5yearly,75_79,30.399
434,2095,constant_fertility,male,5yearly,75_79,38.454
434,2095,high_variant,female,5yearly,75_79,31.146
434,2095,high_variant,male,5yearly,75_79,39.408
434,2095,low_variant,female,5yearly,75_79,23.001
434,2095,low_variant,male,5yearly,75_79,28.936
434,2095,medium_variant,female,5yearly,75_79,27.074
434,2095,medium_variant,male,5yearly,75_79,34.172
434,2095,constant_fertility,female,5yearly,80_84,46.654
434,2095,constant_fertility,male,5yearly,80_84,50.831
434,2095,high_variant,female,5yearly,80_84,47.194
434,2095,high_variant,male,5yearly,80_84,51.449
434,2095,low_variant,female,5yearly,80_84,42.571
434,2095,low_variant,male,5yearly,80_84,46.159
434,2095,medium_variant,female,5yearly,80_84,44.883
434,2095,medium_variant,male,5yearly,80_84,48.804
434,2095,constant_fertility,female,5yearly,85_89,56.767
434,2095,constant_fertility,male,5yearly,85_89,51.885
434,2095,high_variant,female,5yearly,85_89,56.768
434,2095,high_variant,male,5yearly,85_89,51.883
434,2095,low_variant,female,5yearly,85_89,56.767
434,2095,low_variant,male,5yearly,85_89,51.886
434,2095,medium_variant,female,5yearly,85_89,56.769
434,2095,medium_variant,male,5yearly,85_89,51.883
434,2095,constant_fertility,female,5yearly,90_94,48.916
434,2095,constant_fertility,male,5yearly,90_94,34.899
434,2095,high_variant,female,5yearly,90_94,48.916
434,2095,high_variant,male,5yearly,90_94,34.9
434,2095,low_variant,female,5yearly,90_94,48.916
434,2095,low_variant,male,5yearly,90_94,34.899
434,2095,medium_variant,female,5yearly,90_94,48.916
434,2095,medium_variant,male,5yearly,90_94,34.9
434,2095,constant_fertility,female,5yearly,95plus,35.958
434,2095,constant_fertility,male,5yearly,95plus,15.644
434,2095,high_variant,female,5yearly,95plus,35.959
434,2095,high_variant,male,5yearly,95plus,15.643
434,2095,low_variant,female,5yearly,95plus,35.958
434,2095,low_variant,male,5yearly,95plus,15.644
434,2095,medium_variant,female,5yearly,95plus,35.959
434,2095,medium_variant,male,5yearly,95plus,15.643
