country,year,variant,freq,agebroad,percentagetotaldeaths
470,1950,estimates,5yearly,"Region, subregion, country or area *",Malta
470,1950,estimates,5yearly,0_4,17.2851956434046
470,1950,estimates,5yearly,0_14,18.502084173726
470,1950,estimates,5yearly,0_19,19.2483528304424
470,1950,estimates,5yearly,0_24,20.1021917439828
470,1950,estimates,5yearly,5_14,1.21688853032137
470,1950,estimates,5yearly,15plus,81.497915826274
470,1950,estimates,5yearly,15_24,1.60010757025682
470,1950,estimates,5yearly,15_49,9.55358343418045
470,1950,estimates,5yearly,15_59,19.9139437945408
470,1950,estimates,5yearly,15_64,29.7095603065752
470,1950,estimates,5yearly,20plus,80.7516471695576
470,1950,estimates,5yearly,20_64,28.9632916498588
470,1950,estimates,5yearly,20_69,40.6615570794675
470,1950,estimates,5yearly,25plus,79.8978082560172
470,1950,estimates,5yearly,25_69,39.8077181659271
470,1950,estimates,5yearly,40plus,76.7110393976066
470,1950,estimates,5yearly,50plus,71.9443323920936
470,1950,estimates,5yearly,60plus,61.5839720317332
470,1950,estimates,5yearly,65plus,51.7883555196988
470,1950,estimates,5yearly,70plus,40.0900900900901
470,1950,estimates,5yearly,80plus,13.937071399758
470,1950,estimates,5yearly,90plus,1.72112410918381
470,1955,estimates,5yearly,"Region, subregion, country or area *",Malta
470,1955,estimates,5yearly,0_4,11.2459713364877
470,1955,estimates,5yearly,0_14,12.2265651786327
470,1955,estimates,5yearly,0_19,12.7340053486937
470,1955,estimates,5yearly,0_24,13.3648769114723
470,1955,estimates,5yearly,5_14,0.980593842144963
470,1955,estimates,5yearly,15plus,87.7734348213673
470,1955,estimates,5yearly,15_24,1.13831173283961
470,1955,estimates,5yearly,15_49,7.309881368717
470,1955,estimates,5yearly,15_59,17.678118356991
470,1955,estimates,5yearly,15_64,27.3469107865323
470,1955,estimates,5yearly,20plus,87.2659946513063
470,1955,estimates,5yearly,20_64,26.8394706164712
470,1955,estimates,5yearly,20_69,39.7791949530275
470,1955,estimates,5yearly,25plus,86.6351230885277
470,1955,estimates,5yearly,25_69,39.1483233902489
470,1955,estimates,5yearly,40plus,84.481931015566
470,1955,estimates,5yearly,50plus,80.4635534526503
470,1955,estimates,5yearly,60plus,70.0953164643763
470,1955,estimates,5yearly,65plus,60.4265240348351
470,1955,estimates,5yearly,70plus,47.4867996982788
470,1955,estimates,5yearly,80plus,18.4529932112734
470,1955,estimates,5yearly,90plus,1.61832270451896
470,1960,estimates,5yearly,"Region, subregion, country or area *",Malta
470,1960,estimates,5yearly,0_4,8.27078627122349
470,1960,estimates,5yearly,0_14,9.06507323471544
470,1960,estimates,5yearly,0_19,9.56787874371493
470,1960,estimates,5yearly,0_24,10.1144064708883
470,1960,estimates,5yearly,5_14,0.794286963491948
470,1960,estimates,5yearly,15plus,90.9349267652845
470,1960,estimates,5yearly,15_24,1.04933323617285
470,1960,estimates,5yearly,15_49,6.90082343510894
470,1960,estimates,5yearly,15_59,17.2338409968666
470,1960,estimates,5yearly,15_64,26.86001603148
470,1960,estimates,5yearly,20plus,90.4321212562851
470,1960,estimates,5yearly,20_64,26.3572105224805
470,1960,estimates,5yearly,20_69,38.9492093565547
470,1960,estimates,5yearly,25plus,89.8855935291117
470,1960,estimates,5yearly,25_69,38.4026816293813
470,1960,estimates,5yearly,40plus,87.6776215113313
470,1960,estimates,5yearly,50plus,84.0341033301756
470,1960,estimates,5yearly,60plus,73.701085768418
470,1960,estimates,5yearly,65plus,64.0749107338046
470,1960,estimates,5yearly,70plus,51.4829118997304
470,1960,estimates,5yearly,80plus,19.4126648691977
470,1960,estimates,5yearly,90plus,1.63958318152008
470,1965,estimates,5yearly,"Region, subregion, country or area *",Malta
470,1965,estimates,5yearly,0_4,5.07136129826849
470,1965,estimates,5yearly,0_14,5.62921104107803
470,1965,estimates,5yearly,0_19,6.17257118017822
470,1965,estimates,5yearly,0_24,6.81011374338912
470,1965,estimates,5yearly,5_14,0.557849742809534
470,1965,estimates,5yearly,15plus,94.370788958922
470,1965,estimates,5yearly,15_24,1.18090270231109
470,1965,estimates,5yearly,15_49,6.89705136564515
470,1965,estimates,5yearly,15_59,16.2573353618779
470,1965,estimates,5yearly,15_64,26.3855683547055
470,1965,estimates,5yearly,20plus,93.8274288198218
470,1965,estimates,5yearly,20_64,25.8422082156053
470,1965,estimates,5yearly,20_69,38.9335651669927
470,1965,estimates,5yearly,25plus,93.1898862566109
470,1965,estimates,5yearly,25_69,38.2960226037818
470,1965,estimates,5yearly,40plus,91.1033833224661
470,1965,estimates,5yearly,50plus,87.4737375932768
470,1965,estimates,5yearly,60plus,78.1134535970441
470,1965,estimates,5yearly,65plus,67.9852206042165
470,1965,estimates,5yearly,70plus,54.8938636528291
470,1965,estimates,5yearly,80plus,22.2850105049627
470,1965,estimates,5yearly,90plus,2.0502789248714
470,1970,estimates,5yearly,"Region, subregion, country or area *",Malta
470,1970,estimates,5yearly,0_4,4.24726661059714
470,1970,estimates,5yearly,0_14,4.6327446033081
470,1970,estimates,5yearly,0_19,5.06027474067844
470,1970,estimates,5yearly,0_24,5.69105691056911
470,1970,estimates,5yearly,5_14,0.385477992710962
470,1970,estimates,5yearly,15plus,95.3672553966919
470,1970,estimates,5yearly,15_24,1.058312307261
470,1970,estimates,5yearly,15_49,6.69329969161761
470,1970,estimates,5yearly,15_59,15.3350154191197
470,1970,estimates,5yearly,15_64,24.0257919820578
470,1970,estimates,5yearly,20plus,94.9397252593215
470,1970,estimates,5yearly,20_64,23.5982618446874
470,1970,estimates,5yearly,20_69,36.5082702551163
470,1970,estimates,5yearly,25plus,94.3089430894309
470,1970,estimates,5yearly,25_69,35.8774880852257
470,1970,estimates,5yearly,40plus,92.1923184749089
470,1970,estimates,5yearly,50plus,88.6739557050743
470,1970,estimates,5yearly,60plus,80.0322399775722
470,1970,estimates,5yearly,65plus,71.3414634146341
470,1970,estimates,5yearly,70plus,58.4314550042052
470,1970,estimates,5yearly,80plus,25.0770955985422
470,1970,estimates,5yearly,90plus,2.56518082422204
470,1975,estimates,5yearly,"Region, subregion, country or area *",Malta
470,1975,estimates,5yearly,0_4,3.92337056411707
470,1975,estimates,5yearly,0_14,4.21320514633112
470,1975,estimates,5yearly,0_19,4.58080022621236
470,1975,estimates,5yearly,0_24,5.10391630142797
470,1975,estimates,5yearly,5_14,0.289834582214053
470,1975,estimates,5yearly,15plus,95.7867948536689
470,1975,estimates,5yearly,15_24,0.890711155096847
470,1975,estimates,5yearly,15_49,6.4470521702248
470,1975,estimates,5yearly,15_59,15.3046797681323
470,1975,estimates,5yearly,15_64,23.1160752156086
470,1975,estimates,5yearly,20plus,95.4191997737877
470,1975,estimates,5yearly,20_64,22.7484801357274
470,1975,estimates,5yearly,20_69,33.8540930298318
470,1975,estimates,5yearly,25plus,94.896083698572
470,1975,estimates,5yearly,25_69,33.3309769546161
470,1975,estimates,5yearly,40plus,92.7117206277393
470,1975,estimates,5yearly,50plus,89.3397426834441
470,1975,estimates,5yearly,60plus,80.4821150855365
470,1975,estimates,5yearly,65plus,72.6707196380602
470,1975,estimates,5yearly,70plus,61.5651067439559
470,1975,estimates,5yearly,80plus,28.149300155521
470,1975,estimates,5yearly,90plus,3.34370139968896
470,1980,estimates,5yearly,"Region, subregion, country or area *",Malta
470,1980,estimates,5yearly,0_4,3.21782178217822
470,1980,estimates,5yearly,0_14,3.45827439886846
470,1980,estimates,5yearly,0_19,3.76944837340877
470,1980,estimates,5yearly,0_24,4.28571428571429
470,1980,estimates,5yearly,5_14,0.24045261669024
470,1980,estimates,5yearly,15plus,96.5417256011315
470,1980,estimates,5yearly,15_24,0.827439886845827
470,1980,estimates,5yearly,15_49,6.4002828854314
470,1980,estimates,5yearly,15_59,14.7736916548798
470,1980,estimates,5yearly,15_64,22.5954738330976
470,1980,estimates,5yearly,20plus,96.2305516265913
470,1980,estimates,5yearly,20_64,22.2842998585573
470,1980,estimates,5yearly,20_69,32.5035360678925
470,1980,estimates,5yearly,25plus,95.7142857142857
470,1980,estimates,5yearly,25_69,31.987270155587
470,1980,estimates,5yearly,40plus,93.4087694483734
470,1980,estimates,5yearly,50plus,90.1414427157002
470,1980,estimates,5yearly,60plus,81.7680339462518
470,1980,estimates,5yearly,65plus,73.9462517680339
470,1980,estimates,5yearly,70plus,63.7270155586987
470,1980,estimates,5yearly,80plus,31.6690240452617
470,1980,estimates,5yearly,90plus,4.45544554455446
470,1985,estimates,5yearly,"Region, subregion, country or area *",Malta
470,1985,estimates,5yearly,0_4,2.68315614377667
470,1985,estimates,5yearly,0_14,2.90735517465828
470,1985,estimates,5yearly,0_19,3.17494756635568
470,1985,estimates,5yearly,0_24,3.6233456281189
470,1985,estimates,5yearly,5_14,0.224199030881608
470,1985,estimates,5yearly,15plus,97.0926448253417
470,1985,estimates,5yearly,15_24,0.715990453460621
470,1985,estimates,5yearly,15_49,6.42944962754032
470,1985,estimates,5yearly,15_59,14.0956100383308
470,1985,estimates,5yearly,15_64,21.6243581398713
470,1985,estimates,5yearly,20plus,96.8250524336443
470,1985,estimates,5yearly,20_64,21.3567657481739
470,1985,estimates,5yearly,20_69,31.4818832718594
470,1985,estimates,5yearly,25plus,96.3766543718811
470,1985,estimates,5yearly,25_69,31.0334852100962
470,1985,estimates,5yearly,40plus,94.0623417950387
470,1985,estimates,5yearly,50plus,90.6631951978014
470,1985,estimates,5yearly,60plus,82.9970347870109
470,1985,estimates,5yearly,65plus,75.4682866854705
470,1985,estimates,5yearly,70plus,65.3431691617849
470,1985,estimates,5yearly,80plus,34.7436175598467
470,1985,estimates,5yearly,90plus,5.56881463802705
470,1990,estimates,5yearly,"Region, subregion, country or area *",Malta
470,1990,estimates,5yearly,0_4,2.06960096392374
470,1990,estimates,5yearly,0_14,2.26096817634134
470,1990,estimates,5yearly,0_19,2.51612445956482
470,1990,estimates,5yearly,0_24,2.913034233468
470,1990,estimates,5yearly,5_14,0.191367212417606
470,1990,estimates,5yearly,15plus,97.7390318236587
470,1990,estimates,5yearly,15_24,0.652066057126657
470,1990,estimates,5yearly,15_49,6.34346870791693
470,1990,estimates,5yearly,15_59,13.579984407116
470,1990,estimates,5yearly,15_64,20.384151959742
470,1990,estimates,5yearly,20plus,97.4838755404352
470,1990,estimates,5yearly,20_64,20.1289956765185
470,1990,estimates,5yearly,20_69,30.2218442129137
470,1990,estimates,5yearly,25plus,97.086965766532
470,1990,estimates,5yearly,25_69,29.8249344390106
470,1990,estimates,5yearly,40plus,95.0740661988801
470,1990,estimates,5yearly,50plus,91.3955631157417
470,1990,estimates,5yearly,60plus,84.1590474165426
470,1990,estimates,5yearly,65plus,77.3548798639167
470,1990,estimates,5yearly,70plus,67.2620313275214
470,1990,estimates,5yearly,80plus,37.8198313133461
470,1990,estimates,5yearly,90plus,6.49939754766461
470,1995,estimates,5yearly,"Region, subregion, country or area *",Malta
470,1995,estimates,5yearly,0_4,1.5844120819849
470,1995,estimates,5yearly,0_14,1.73948220064725
470,1995,estimates,5yearly,0_19,1.96871628910464
470,1995,estimates,5yearly,0_24,2.36650485436893
470,1995,estimates,5yearly,5_14,0.155070118662352
470,1995,estimates,5yearly,15plus,98.2605177993527
470,1995,estimates,5yearly,15_24,0.627022653721683
470,1995,estimates,5yearly,15_49,5.86569579288026
470,1995,estimates,5yearly,15_59,13.2551240560949
470,1995,estimates,5yearly,15_64,19.5051240560949
470,1995,estimates,5yearly,20plus,98.0312837108954
470,1995,estimates,5yearly,20_64,19.2758899676375
470,1995,estimates,5yearly,20_69,28.4317691477886
470,1995,estimates,5yearly,25plus,97.6334951456311
470,1995,estimates,5yearly,25_69,28.0339805825243
470,1995,estimates,5yearly,40plus,95.8805285868393
470,1995,estimates,5yearly,50plus,92.3948220064725
470,1995,estimates,5yearly,60plus,85.0053937432578
470,1995,estimates,5yearly,65plus,78.7553937432578
470,1995,estimates,5yearly,70plus,69.5995145631068
470,1995,estimates,5yearly,80plus,39.5159115426106
470,1995,estimates,5yearly,90plus,7.92880258899676
470,2000,estimates,5yearly,"Region, subregion, country or area *",Malta
470,2000,estimates,5yearly,0_4,1.05608860841007
470,2000,estimates,5yearly,0_14,1.17844033743319
470,2000,estimates,5yearly,0_19,1.37162727799601
470,2000,estimates,5yearly,0_24,1.73224290037993
470,2000,estimates,5yearly,5_14,0.122351729023118
470,2000,estimates,5yearly,15plus,98.8215596625668
470,2000,estimates,5yearly,15_24,0.553802562946745
470,2000,estimates,5yearly,15_49,5.11301436022925
470,2000,estimates,5yearly,15_59,12.9564041470797
470,2000,estimates,5yearly,15_64,18.9130014810999
470,2000,estimates,5yearly,20plus,98.628372722004
470,2000,estimates,5yearly,20_64,18.7198145405371
470,2000,estimates,5yearly,20_69,27.2779960074699
470,2000,estimates,5yearly,25plus,98.2677570996201
470,2000,estimates,5yearly,25_69,26.917380385086
470,2000,estimates,5yearly,40plus,96.7093824457467
470,2000,estimates,5yearly,50plus,93.7085453023376
470,2000,estimates,5yearly,60plus,85.8651555154872
470,2000,estimates,5yearly,65plus,79.9085581814669
470,2000,estimates,5yearly,70plus,71.3503767145341
470,2000,estimates,5yearly,80plus,41.8571704552772
470,2000,estimates,5yearly,90plus,9.26009401764441
470,2005,estimates,5yearly,"Region, subregion, country or area *",Malta
470,2005,estimates,5yearly,0_4,0.784854112995027
470,2005,estimates,5yearly,0_14,0.874722904559344
470,2005,estimates,5yearly,0_19,1.03049547660416
470,2005,estimates,5yearly,0_24,1.34204062069379
470,2005,estimates,5yearly,5_14,0.0898687915643161
470,2005,estimates,5yearly,15plus,99.1252770954407
470,2005,estimates,5yearly,15_24,0.467317716134444
470,2005,estimates,5yearly,15_49,4.30171948954526
470,2005,estimates,5yearly,15_59,11.5032053202325
470,2005,estimates,5yearly,15_64,17.9857408184051
470,2005,estimates,5yearly,20plus,98.9695045233959
470,2005,estimates,5yearly,20_64,17.8299682463603
470,2005,estimates,5yearly,20_69,25.9960457731712
470,2005,estimates,5yearly,25plus,98.6579593793062
470,2005,estimates,5yearly,25_69,25.6845006290815
470,2005,estimates,5yearly,40plus,97.2739799892158
470,2005,estimates,5yearly,50plus,94.8235576058954
470,2005,estimates,5yearly,60plus,87.6220717752082
470,2005,estimates,5yearly,65plus,81.1395362770355
470,2005,estimates,5yearly,70plus,72.9734587502247
470,2005,estimates,5yearly,80plus,44.940387034929
470,2005,estimates,5yearly,90plus,9.84961955544904
470,2010,estimates,5yearly,"Region, subregion, country or area *",Malta
470,2010,estimates,5yearly,0_4,0.659041394335512
470,2010,estimates,5yearly,0_14,0.729847494553377
470,2010,estimates,5yearly,0_19,0.855119825708061
470,2010,estimates,5yearly,0_24,1.12745098039216
470,2010,estimates,5yearly,5_14,0.0708061002178649
470,2010,estimates,5yearly,15plus,99.2701525054466
470,2010,estimates,5yearly,15_24,0.39760348583878
470,2010,estimates,5yearly,15_49,3.65468409586057
470,2010,estimates,5yearly,15_59,9.67320261437909
470,2010,estimates,5yearly,15_64,15.9531590413943
470,2010,estimates,5yearly,20plus,99.144880174292
470,2010,estimates,5yearly,20_64,15.8278867102397
470,2010,estimates,5yearly,20_69,24.8474945533769
470,2010,estimates,5yearly,25plus,98.8725490196078
470,2010,estimates,5yearly,25_69,24.5751633986928
470,2010,estimates,5yearly,40plus,97.5653594771242
470,2010,estimates,5yearly,50plus,95.6154684095861
470,2010,estimates,5yearly,60plus,89.5969498910676
470,2010,estimates,5yearly,65plus,83.3169934640523
470,2010,estimates,5yearly,70plus,74.297385620915
470,2010,estimates,5yearly,80plus,47.875816993464
470,2010,estimates,5yearly,90plus,11.7265795206972
470,2015,constant_fertility,5yearly,"Region, subregion, country or area *",Malta
470,2015,constant_mortality,5yearly,"Region, subregion, country or area *",Malta
470,2015,high_variant,5yearly,"Region, subregion, country or area *",Malta
470,2015,instant_replacement,5yearly,"Region, subregion, country or area *",Malta
470,2015,low_variant,5yearly,"Region, subregion, country or area *",Malta
470,2015,medium_variant,5yearly,"Region, subregion, country or area *",Malta
470,2015,momentum,5yearly,"Region, subregion, country or area *",Malta
470,2015,no_change,5yearly,"Region, subregion, country or area *",Malta
470,2015,zero_migration,5yearly,"Region, subregion, country or area *",Malta
470,2015,constant_fertility,5yearly,0_4,0.520589307095632
470,2015,constant_mortality,5yearly,0_4,0.603847090333577
470,2015,high_variant,5yearly,0_4,0.62922516900676
470,2015,instant_replacement,5yearly,0_4,0.747935386692983
470,2015,low_variant,5yearly,0_4,0.458404959108194
470,2015,medium_variant,5yearly,0_4,0.546504970592828
470,2015,momentum,5yearly,0_4,0.816366198551922
470,2015,no_change,5yearly,0_4,0.574796629158751
470,2015,zero_migration,5yearly,0_4,0.536095352105345
470,2015,constant_fertility,5yearly,0_14,0.572648237805195
470,2015,constant_mortality,5yearly,0_14,0.662283905527149
470,2015,high_variant,5yearly,0_14,0.681227249089964
470,2015,instant_replacement,5yearly,0_14,0.799875344102218
470,2015,low_variant,5yearly,0_14,0.510496431734125
470,2015,medium_variant,5yearly,0_14,0.59855306303024
470,2015,momentum,5yearly,0_14,0.874678069877059
470,2015,no_change,5yearly,0_14,0.633250523649471
470,2015,zero_migration,5yearly,0_14,0.588143444542757
470,2015,constant_fertility,5yearly,0_19,0.661148420011453
470,2015,constant_mortality,5yearly,0_19,0.759678597516435
470,2015,high_variant,5yearly,0_19,0.769630785231409
470,2015,instant_replacement,5yearly,0_19,0.888173271697917
470,2015,low_variant,5yearly,0_19,0.599051935198208
470,2015,medium_variant,5yearly,0_19,0.687034820173841
470,2015,momentum,5yearly,0_19,0.967005199475193
470,2015,no_change,5yearly,0_19,0.730673681134006
470,2015,zero_migration,5yearly,0_19,0.676625201686358
470,2015,constant_fertility,5yearly,0_24,0.869384142849706
470,2015,constant_mortality,5yearly,0_24,0.97881665449233
470,2015,high_variant,5yearly,0_24,0.977639105564223
470,2015,instant_replacement,5yearly,0_24,1.09593310133486
470,2015,low_variant,5yearly,0_24,0.807417825701933
470,2015,medium_variant,5yearly,0_24,0.895227189923489
470,2015,momentum,5yearly,0_24,1.18567471694446
470,2015,no_change,5yearly,0_24,0.949875785474207
470,2015,zero_migration,5yearly,0_24,0.884817571436007
470,2015,constant_fertility,5yearly,5_14,0.0520589307095632
470,2015,constant_mortality,5yearly,5_14,0.0584368151935719
470,2015,high_variant,5yearly,5_14,0.0520020800832033
470,2015,instant_replacement,5yearly,5_14,0.0519399574092349
470,2015,low_variant,5yearly,5_14,0.0520914726259311
470,2015,medium_variant,5yearly,5_14,0.0520480924374122
470,2015,momentum,5yearly,5_14,0.0583118713251373
470,2015,no_change,5yearly,5_14,0.0584538944907204
470,2015,zero_migration,5yearly,5_14,0.0520480924374122
470,2015,constant_fertility,5yearly,15plus,99.4273517621948
470,2015,constant_mortality,5yearly,15plus,99.3377160944729
470,2015,high_variant,5yearly,15plus,99.31877275091
470,2015,instant_replacement,5yearly,15plus,99.2001246558978
470,2015,low_variant,5yearly,15plus,99.4895035682659
470,2015,medium_variant,5yearly,15plus,99.4014469369697
470,2015,momentum,5yearly,15plus,99.125321930123
470,2015,no_change,5yearly,15plus,99.3667494763505
470,2015,zero_migration,5yearly,15plus,99.4118565554572
470,2015,constant_fertility,5yearly,15_24,0.29673590504451
470,2015,constant_mortality,5yearly,15_24,0.316532748965181
470,2015,high_variant,5yearly,15_24,0.296411856474259
470,2015,instant_replacement,5yearly,15_24,0.296057757232639
470,2015,low_variant,5yearly,15_24,0.296921393967807
470,2015,medium_variant,5yearly,15_24,0.296674126893249
470,2015,momentum,5yearly,15_24,0.310996647067399
470,2015,no_change,5yearly,15_24,0.316625261824736
470,2015,zero_migration,5yearly,15_24,0.296674126893249
470,2015,constant_fertility,5yearly,15_49,3.16518298714144
470,2015,constant_mortality,5yearly,15_49,3.28220112003896
470,2015,high_variant,5yearly,15_49,3.16172646905876
470,2015,instant_replacement,5yearly,15_49,3.15794941048148
470,2015,low_variant,5yearly,15_49,3.16716153565661
470,2015,medium_variant,5yearly,15_49,3.16452402019466
470,2015,momentum,5yearly,15_49,3.26060547159726
470,2015,no_change,5yearly,15_49,3.2831604072288
470,2015,zero_migration,5yearly,15_49,3.15411440170718
470,2015,constant_fertility,5yearly,15_59,8.08995783226613
470,2015,constant_mortality,5yearly,15_59,8.36133430728025
470,2015,high_variant,5yearly,15_59,8.0811232449298
470,2015,instant_replacement,5yearly,15_59,8.07146938139511
470,2015,low_variant,5yearly,15_59,8.0950148460697
470,2015,medium_variant,5yearly,15_59,8.08827356477385
470,2015,momentum,5yearly,15_59,8.31916030905292
470,2015,no_change,5yearly,15_59,8.36377807004725
470,2015,zero_migration,5yearly,15_59,8.07265913704263
470,2015,constant_fertility,5yearly,15_64,13.3166744755063
470,2015,constant_mortality,5yearly,15_64,13.7570002434867
470,2015,high_variant,5yearly,15_64,13.3021320852834
470,2015,instant_replacement,5yearly,15_64,13.2862411052823
470,2015,low_variant,5yearly,15_64,13.3249986977132
470,2015,medium_variant,5yearly,15_64,13.31390204549
470,2015,momentum,5yearly,15_64,13.7032897614073
470,2015,no_change,5yearly,15_64,13.7610209946904
470,2015,zero_migration,5yearly,15_64,13.2930828085151
470,2015,constant_fertility,5yearly,20plus,99.3388515799886
470,2015,constant_mortality,5yearly,20plus,99.2403214024836
470,2015,high_variant,5yearly,20plus,99.2303692147686
470,2015,instant_replacement,5yearly,20plus,99.1118267283021
470,2015,low_variant,5yearly,20plus,99.4009480648018
470,2015,medium_variant,5yearly,20plus,99.3129651798262
470,2015,momentum,5yearly,20plus,99.0329948005248
470,2015,no_change,5yearly,20plus,99.269326318866
470,2015,zero_migration,5yearly,20plus,99.3233747983136
470,2015,constant_fertility,5yearly,20_64,13.2281742933
470,2015,constant_mortality,5yearly,20_64,13.6596055514974
470,2015,high_variant,5yearly,20_64,13.213728549142
470,2015,instant_replacement,5yearly,20_64,13.1979431776866
470,2015,low_variant,5yearly,20_64,13.2364431942491
470,2015,medium_variant,5yearly,20_64,13.2254202883464
470,2015,momentum,5yearly,20_64,13.6109626318091
470,2015,no_change,5yearly,20_64,13.6635978372059
470,2015,zero_migration,5yearly,20_64,13.2046010513715
470,2015,constant_fertility,5yearly,20_69,22.1614868030611
470,2015,constant_mortality,5yearly,20_69,22.8828828828829
470,2015,high_variant,5yearly,20_69,22.1372854914197
470,2015,instant_replacement,5yearly,20_69,22.1108398691113
470,2015,low_variant,5yearly,20_69,22.1753398968589
470,2015,medium_variant,5yearly,20_69,22.1568729506064
470,2015,momentum,5yearly,20_69,22.81451965596
470,2015,no_change,5yearly,20_69,22.8895708509913
470,2015,zero_migration,5yearly,20_69,22.1360537136314
470,2015,constant_fertility,5yearly,25plus,99.1306158571503
470,2015,constant_mortality,5yearly,25plus,99.0211833455077
470,2015,high_variant,5yearly,25plus,99.0223608944357
470,2015,instant_replacement,5yearly,25plus,98.9040668986651
470,2015,low_variant,5yearly,25plus,99.1925821742981
470,2015,medium_variant,5yearly,25plus,99.1047728100765
470,2015,momentum,5yearly,25plus,98.8143252830555
470,2015,no_change,5yearly,25plus,99.0501242145258
470,2015,zero_migration,5yearly,25plus,99.115182428564
470,2015,constant_fertility,5yearly,25_69,21.9532510802228
470,2015,constant_mortality,5yearly,25_69,22.663744825907
470,2015,high_variant,5yearly,25_69,21.9292771710868
470,2015,instant_replacement,5yearly,25_69,21.9030800394744
470,2015,low_variant,5yearly,25_69,21.9669740063552
470,2015,medium_variant,5yearly,25_69,21.9486805808567
470,2015,momentum,5yearly,25_69,22.5958501384907
470,2015,no_change,5yearly,25_69,22.6703687466511
470,2015,zero_migration,5yearly,25_69,21.9278613438817
470,2015,constant_fertility,5yearly,40plus,97.980113488469
470,2015,constant_mortality,5yearly,40plus,97.8232286340395
470,2015,high_variant,5yearly,40plus,97.873114924597
470,2015,instant_replacement,5yearly,40plus,97.756193839921
470,2015,low_variant,5yearly,40plus,98.041360629265
470,2015,medium_variant,5yearly,40plus,97.9545099672097
470,2015,momentum,5yearly,40plus,97.6237912435006
470,2015,no_change,5yearly,40plus,97.851819377466
470,2015,zero_migration,5yearly,40plus,97.9701243949409
470,2015,constant_fertility,5yearly,50plus,96.2621687750534
470,2015,constant_mortality,5yearly,50plus,96.0555149744339
470,2015,high_variant,5yearly,50plus,96.1570462818513
470,2015,instant_replacement,5yearly,50plus,96.0421752454163
470,2015,low_variant,5yearly,50plus,96.3223420326093
470,2015,medium_variant,5yearly,50plus,96.2369229167751
470,2015,momentum,5yearly,50plus,95.8647164585257
470,2015,no_change,5yearly,50plus,96.0835890691217
470,2015,zero_migration,5yearly,50plus,96.25774215375
470,2015,constant_fertility,5yearly,60plus,91.3373939299287
470,2015,constant_mortality,5yearly,60plus,90.9763817871926
470,2015,high_variant,5yearly,60plus,91.2376495059802
470,2015,instant_replacement,5yearly,60plus,91.1286552745027
470,2015,low_variant,5yearly,60plus,91.3944887221962
470,2015,medium_variant,5yearly,60plus,91.3131733721959
470,2015,momentum,5yearly,60plus,90.80616162107
470,2015,no_change,5yearly,60plus,91.0029714063033
470,2015,zero_migration,5yearly,60plus,91.3391974184146
470,2015,constant_fertility,5yearly,65plus,86.1106772866885
470,2015,constant_mortality,5yearly,65plus,85.5807158509861
470,2015,high_variant,5yearly,65plus,86.0166406656266
470,2015,instant_replacement,5yearly,65plus,85.9138835506155
470,2015,low_variant,5yearly,65plus,86.1645048705527
470,2015,medium_variant,5yearly,65plus,86.0875448914797
470,2015,momentum,5yearly,65plus,85.4220321687157
470,2015,no_change,5yearly,65plus,85.6057284816601
470,2015,zero_migration,5yearly,65plus,86.1187737469422
470,2015,constant_fertility,5yearly,70plus,77.1773647769275
470,2015,constant_mortality,5yearly,70plus,76.3574385196007
470,2015,high_variant,5yearly,70plus,77.0930837233489
470,2015,instant_replacement,5yearly,70plus,77.0009868591908
470,2015,low_variant,5yearly,70plus,77.2256081679429
470,2015,medium_variant,5yearly,70plus,77.1560922292198
470,2015,momentum,5yearly,70plus,76.2184751445648
470,2015,no_change,5yearly,70plus,76.3797554678747
470,2015,zero_migration,5yearly,70plus,77.1873210846822
470,2015,constant_fertility,5yearly,80plus,48.867718257067
470,2015,constant_mortality,5yearly,80plus,47.4653031409788
470,2015,high_variant,5yearly,80plus,48.814352574103
470,2015,instant_replacement,5yearly,80plus,48.7560380200488
470,2015,low_variant,5yearly,80plus,48.8982653539616
470,2015,medium_variant,5yearly,80plus,48.8575443709988
470,2015,momentum,5yearly,80plus,47.3881140968949
470,2015,no_change,5yearly,80plus,47.4840469579619
470,2015,zero_migration,5yearly,80plus,48.8835684172175
470,2015,constant_fertility,5yearly,90plus,14.9409131136446
470,2015,constant_mortality,5yearly,90plus,13.8203067932798
470,2015,high_variant,5yearly,90plus,14.9245969838794
470,2015,instant_replacement,5yearly,90plus,14.9067677764504
470,2015,low_variant,5yearly,90plus,14.9502526436422
470,2015,medium_variant,5yearly,90plus,14.9378025295373
470,2015,momentum,5yearly,90plus,13.8004762136158
470,2015,no_change,5yearly,90plus,13.8243460470554
470,2015,zero_migration,5yearly,90plus,14.9482121480248
470,2020,constant_fertility,5yearly,"Region, subregion, country or area *",Malta
470,2020,constant_mortality,5yearly,"Region, subregion, country or area *",Malta
470,2020,high_variant,5yearly,"Region, subregion, country or area *",Malta
470,2020,instant_replacement,5yearly,"Region, subregion, country or area *",Malta
470,2020,low_variant,5yearly,"Region, subregion, country or area *",Malta
470,2020,medium_variant,5yearly,"Region, subregion, country or area *",Malta
470,2020,momentum,5yearly,"Region, subregion, country or area *",Malta
470,2020,no_change,5yearly,"Region, subregion, country or area *",Malta
470,2020,zero_migration,5yearly,"Region, subregion, country or area *",Malta
470,2020,constant_fertility,5yearly,0_4,0.409322931715304
470,2020,constant_mortality,5yearly,0_4,0.531026508500707
470,2020,high_variant,5yearly,0_4,0.557772755685916
470,2020,instant_replacement,5yearly,0_4,0.610312845403431
470,2020,low_variant,5yearly,0_4,0.332530120481928
470,2020,medium_variant,5yearly,0_4,0.447653429602888
470,2020,momentum,5yearly,0_4,0.697833718640295
470,2020,no_change,5yearly,0_4,0.484188876510412
470,2020,zero_migration,5yearly,0_4,0.429060405920069
470,2020,constant_fertility,5yearly,0_14,0.457478570740634
470,2020,constant_mortality,5yearly,0_14,0.582416170613678
470,2020,high_variant,5yearly,0_14,0.605856613934702
470,2020,instant_replacement,5yearly,0_14,0.663174587918689
470,2020,low_variant,5yearly,0_14,0.380722891566265
470,2020,medium_variant,5yearly,0_14,0.495788206979543
470,2020,momentum,5yearly,0_14,0.753489168593201
470,2020,no_change,5yearly,0_14,0.535607164281429
470,2020,zero_migration,5yearly,0_14,0.472448536855807
470,2020,constant_fertility,5yearly,0_19,0.524896465376096
470,2020,constant_mortality,5yearly,0_19,0.659500663783136
470,2020,high_variant,5yearly,0_19,0.673174015483002
470,2020,instant_replacement,5yearly,0_19,0.730453169301745
470,2020,low_variant,5yearly,0_19,0.448192771084337
470,2020,medium_variant,5yearly,0_19,0.563176895306859
470,2020,momentum,5yearly,0_19,0.826269372377772
470,2020,no_change,5yearly,0_19,0.612734595937955
470,2020,zero_migration,5yearly,0_19,0.539941184978065
470,2020,constant_fertility,5yearly,0_24,0.678994510257151
470,2020,constant_mortality,5yearly,0_24,0.826517065650293
470,2020,high_variant,5yearly,0_24,0.827042361879117
470,2020,instant_replacement,5yearly,0_24,0.884232783891585
470,2020,low_variant,5yearly,0_24,0.602409638554217
470,2020,medium_variant,5yearly,0_24,0.717208182912154
470,2020,momentum,5yearly,0_24,0.984673345320661
470,2020,no_change,5yearly,0_24,0.779844031193761
470,2020,zero_migration,5yearly,0_24,0.68456828809719
470,2020,constant_fertility,5yearly,5_14,0.0481556390253299
470,2020,constant_mortality,5yearly,5_14,0.0513896621129716
470,2020,high_variant,5yearly,5_14,0.0480838582487859
470,2020,instant_replacement,5yearly,5_14,0.0528617425152578
470,2020,low_variant,5yearly,5_14,0.0481927710843374
470,2020,medium_variant,5yearly,5_14,0.0481347773766546
470,2020,momentum,5yearly,5_14,0.0556554499529069
470,2020,no_change,5yearly,5_14,0.0514182877710172
470,2020,zero_migration,5yearly,5_14,0.0433881309357374
470,2020,constant_fertility,5yearly,15plus,99.5425214292594
470,2020,constant_mortality,5yearly,15plus,99.4175838293863
470,2020,high_variant,5yearly,15plus,99.3941433860653
470,2020,instant_replacement,5yearly,15plus,99.3368254120813
470,2020,low_variant,5yearly,15plus,99.6192771084337
470,2020,medium_variant,5yearly,15plus,99.5042117930205
470,2020,momentum,5yearly,15plus,99.2465108314068
470,2020,no_change,5yearly,15plus,99.4643928357186
470,2020,zero_migration,5yearly,15plus,99.5275514631442
470,2020,constant_fertility,5yearly,15_24,0.221515939516517
470,2020,constant_mortality,5yearly,15_24,0.244100895036615
470,2020,high_variant,5yearly,15_24,0.221185747944415
470,2020,instant_replacement,5yearly,15_24,0.221058195972896
470,2020,low_variant,5yearly,15_24,0.221686746987952
470,2020,medium_variant,5yearly,15_24,0.221419975932611
470,2020,momentum,5yearly,15_24,0.23118417672746
470,2020,no_change,5yearly,15_24,0.244236866912332
470,2020,zero_migration,5yearly,15_24,0.212119751241383
470,2020,constant_fertility,5yearly,15_49,2.79302706346913
470,2020,constant_mortality,5yearly,15_49,2.9934478180806
470,2020,high_variant,5yearly,15_49,2.78886377842958
470,2020,instant_replacement,5yearly,15_49,2.78725551444087
470,2020,low_variant,5yearly,15_49,2.79518072289157
470,2020,medium_variant,5yearly,15_49,2.79181708784597
470,2020,momentum,5yearly,15_49,2.9326140936724
470,2020,no_change,5yearly,15_49,2.99511526266175
470,2020,zero_migration,5yearly,15_49,2.74791495926337
470,2020,constant_fertility,5yearly,15_59,6.65510931330059
470,2020,constant_mortality,5yearly,15_59,7.13459809001756
470,2020,high_variant,5yearly,15_59,6.64518920998221
470,2020,instant_replacement,5yearly,15_59,6.64135710509875
470,2020,low_variant,5yearly,15_59,6.66024096385542
470,2020,medium_variant,5yearly,15_59,6.65222623345367
470,2020,momentum,5yearly,15_59,7.0468362017296
470,2020,no_change,5yearly,15_59,7.13857228554289
470,2020,zero_migration,5yearly,15_59,6.59499590223208
470,2020,constant_fertility,5yearly,15_64,10.9987479533853
470,2020,constant_mortality,5yearly,15_64,11.8239047578262
470,2020,high_variant,5yearly,15_64,10.9823532240227
470,2020,instant_replacement,5yearly,15_64,10.9760199913499
470,2020,low_variant,5yearly,15_64,11.0072289156626
470,2020,medium_variant,5yearly,15_64,10.9939831528279
470,2020,momentum,5yearly,15_64,11.7218939977738
470,2020,no_change,5yearly,15_64,11.8304910446482
470,2020,zero_migration,5yearly,15_64,10.9289880923685
470,2020,constant_fertility,5yearly,20plus,99.4751035346239
470,2020,constant_mortality,5yearly,20plus,99.3404993362169
470,2020,high_variant,5yearly,20plus,99.326825984517
470,2020,instant_replacement,5yearly,20plus,99.2695468306983
470,2020,low_variant,5yearly,20plus,99.5518072289157
470,2020,medium_variant,5yearly,20plus,99.4368231046932
470,2020,momentum,5yearly,20plus,99.1737306276222
470,2020,no_change,5yearly,20plus,99.387265404062
470,2020,zero_migration,5yearly,20plus,99.4600588150219
470,2020,constant_fertility,5yearly,20_64,10.9313300587499
470,2020,constant_mortality,5yearly,20_64,11.7468202646568
470,2020,high_variant,5yearly,20_64,10.9150358224744
470,2020,instant_replacement,5yearly,20_64,10.9087414099668
470,2020,low_variant,5yearly,20_64,10.9397590361446
470,2020,medium_variant,5yearly,20_64,10.9265944645006
470,2020,momentum,5yearly,20_64,11.6491137939892
470,2020,no_change,5yearly,20_64,11.7533636129917
470,2020,zero_migration,5yearly,20_64,10.8614954442463
470,2020,constant_fertility,5yearly,20_69,18.1980159876722
470,2020,constant_mortality,5yearly,20_69,19.5794612650422
470,2020,high_variant,5yearly,20_69,18.1708900322162
470,2020,instant_replacement,5yearly,20_69,18.160411360469
470,2020,low_variant,5yearly,20_69,18.2120481927711
470,2020,medium_variant,5yearly,20_69,18.1901323706378
470,2020,momentum,5yearly,20_69,19.4708451066016
470,2020,no_change,5yearly,20_69,19.5903676407576
470,2020,zero_migration,5yearly,20_69,18.1265969242636
470,2020,constant_fertility,5yearly,25plus,99.3210054897429
470,2020,constant_mortality,5yearly,25plus,99.1734829343497
470,2020,high_variant,5yearly,25plus,99.1729576381209
470,2020,instant_replacement,5yearly,25plus,99.1157672161084
470,2020,low_variant,5yearly,25plus,99.3975903614458
470,2020,medium_variant,5yearly,25plus,99.2827918170879
470,2020,momentum,5yearly,25plus,99.0153266546793
470,2020,no_change,5yearly,25plus,99.2201559688062
470,2020,zero_migration,5yearly,25plus,99.3154317119028
470,2020,constant_fertility,5yearly,25_69,18.0439179427911
470,2020,constant_mortality,5yearly,25_69,19.412444863175
470,2020,high_variant,5yearly,25_69,18.0170216858201
470,2020,instant_replacement,5yearly,25_69,18.0066317458792
470,2020,low_variant,5yearly,25_69,18.0578313253012
470,2020,medium_variant,5yearly,25_69,18.0361010830325
470,2020,momentum,5yearly,25_69,19.3124411336587
470,2020,no_change,5yearly,25_69,19.4232582055018
470,2020,zero_migration,5yearly,25_69,17.9819698211445
470,2020,constant_fertility,5yearly,40plus,98.3627082731388
470,2020,constant_mortality,5yearly,40plus,98.1371247484048
470,2020,high_variant,5yearly,40plus,98.2160888589701
470,2020,instant_replacement,5yearly,40plus,98.1594502378778
470,2020,low_variant,5yearly,40plus,98.4385542168675
470,2020,medium_variant,5yearly,40plus,98.3249097472924
470,2020,momentum,5yearly,40plus,98.0092473670691
470,2020,no_change,5yearly,40plus,98.1832204987574
470,2020,zero_migration,5yearly,40plus,98.3849973485031
470,2020,constant_fertility,5yearly,50plus,96.7494943657903
470,2020,constant_mortality,5yearly,50plus,96.4241360113057
470,2020,high_variant,5yearly,50plus,96.6052796076357
470,2020,instant_replacement,5yearly,50plus,96.5495698976405
470,2020,low_variant,5yearly,50plus,96.8240963855421
470,2020,medium_variant,5yearly,50plus,96.7123947051745
470,2020,momentum,5yearly,50plus,96.3138967377344
470,2020,no_change,5yearly,50plus,96.4692775730568
470,2020,zero_migration,5yearly,50plus,96.7796365038809
470,2020,constant_fertility,5yearly,60plus,92.8874121159588
470,2020,constant_mortality,5yearly,60plus,92.2829857393688
470,2020,high_variant,5yearly,60plus,92.7489541760831
470,2020,instant_replacement,5yearly,60plus,92.6954683069825
470,2020,low_variant,5yearly,60plus,92.9590361445783
470,2020,medium_variant,5yearly,60plus,92.8519855595668
470,2020,momentum,5yearly,60plus,92.1996746296772
470,2020,no_change,5yearly,60plus,92.3258205501757
470,2020,zero_migration,5yearly,60plus,92.9325555609121
470,2020,constant_fertility,5yearly,65plus,88.543773475874
470,2020,constant_mortality,5yearly,65plus,87.5936790715601
470,2020,high_variant,5yearly,65plus,88.4117901620426
470,2020,instant_replacement,5yearly,65plus,88.3608054207314
470,2020,low_variant,5yearly,65plus,88.6120481927711
470,2020,medium_variant,5yearly,65plus,88.5102286401926
470,2020,momentum,5yearly,65plus,87.524616833633
470,2020,no_change,5yearly,65plus,87.6339017910704
470,2020,zero_migration,5yearly,65plus,88.5985633707757
470,2020,constant_fertility,5yearly,70plus,81.2770875469517
470,2020,constant_mortality,5yearly,70plus,79.7610380711747
470,2020,high_variant,5yearly,70plus,81.1559359523008
470,2020,instant_replacement,5yearly,70plus,81.1091354702292
470,2020,low_variant,5yearly,70plus,81.3397590361446
470,2020,medium_variant,5yearly,70plus,81.2466907340554
470,2020,momentum,5yearly,70plus,79.7028855210206
470,2020,no_change,5yearly,70plus,79.7968977633045
470,2020,zero_migration,5yearly,70plus,81.3334618907583
470,2020,constant_fertility,5yearly,80plus,51.6661851102764
470,2020,constant_mortality,5yearly,80plus,48.6189028307139
470,2020,high_variant,5yearly,80plus,51.5987882867721
470,2020,instant_replacement,5yearly,80plus,51.5594214042001
470,2020,low_variant,5yearly,80plus,51.7156626506024
470,2020,medium_variant,5yearly,80plus,51.6486161251504
470,2020,momentum,5yearly,80plus,48.5957701858036
470,2020,no_change,5yearly,80plus,48.6417002313823
470,2020,zero_migration,5yearly,80plus,51.7186520753989
470,2020,constant_fertility,5yearly,90plus,15.4916690744486
470,2020,constant_mortality,5yearly,90plus,13.0872339514368
470,2020,high_variant,5yearly,90plus,15.4685771986344
470,2020,instant_replacement,5yearly,90plus,15.4596568792349
470,2020,low_variant,5yearly,90plus,15.5036144578313
470,2020,medium_variant,5yearly,90plus,15.4849578820698
470,2020,momentum,5yearly,90plus,13.087593115849
470,2020,no_change,5yearly,90plus,13.0945239523524
470,2020,zero_migration,5yearly,90plus,15.5136672612448
470,2025,constant_fertility,5yearly,"Region, subregion, country or area *",Malta
470,2025,constant_mortality,5yearly,"Region, subregion, country or area *",Malta
470,2025,high_variant,5yearly,"Region, subregion, country or area *",Malta
470,2025,instant_replacement,5yearly,"Region, subregion, country or area *",Malta
470,2025,low_variant,5yearly,"Region, subregion, country or area *",Malta
470,2025,medium_variant,5yearly,"Region, subregion, country or area *",Malta
470,2025,momentum,5yearly,"Region, subregion, country or area *",Malta
470,2025,no_change,5yearly,"Region, subregion, country or area *",Malta
470,2025,zero_migration,5yearly,"Region, subregion, country or area *",Malta
470,2025,constant_fertility,5yearly,0_4,0.30551250830197
470,2025,constant_mortality,5yearly,0_4,0.452695248601971
470,2025,high_variant,5yearly,0_4,0.459729466890637
470,2025,instant_replacement,5yearly,0_4,0.464088397790055
470,2025,low_variant,5yearly,0_4,0.239245048956626
470,2025,medium_variant,5yearly,0_4,0.349634874972339
470,2025,momentum,5yearly,0_4,0.567575803748286
470,2025,no_change,5yearly,0_4,0.395858708891596
470,2025,zero_migration,5yearly,0_4,0.328407224958949
470,2025,constant_fertility,5yearly,0_14,0.340934248394952
470,2025,constant_mortality,5yearly,0_14,0.498345189637463
470,2025,high_variant,5yearly,0_14,0.503934223322429
470,2025,instant_replacement,5yearly,0_14,0.512707182320442
470,2025,low_variant,5yearly,0_14,0.274688759913163
470,2025,medium_variant,5yearly,0_14,0.389466696171719
470,2025,momentum,5yearly,0_14,0.620905073899132
470,2025,no_change,5yearly,0_14,0.441534713763703
470,2025,zero_migration,5yearly,0_14,0.363910708738295
470,2025,constant_fertility,5yearly,0_19,0.398494576046048
470,2025,constant_mortality,5yearly,0_19,0.566820101190703
470,2025,high_variant,5yearly,0_19,0.561400406683759
470,2025,instant_replacement,5yearly,0_19,0.570165745856354
470,2025,low_variant,5yearly,0_19,0.332284790217536
470,2025,medium_variant,5yearly,0_19,0.447001549015269
470,2025,momentum,5yearly,0_19,0.68947127837879
470,2025,no_change,5yearly,0_19,0.510048721071864
470,2025,zero_migration,5yearly,0_19,0.421603869879732
470,2025,constant_fertility,5yearly,0_24,0.51361523134824
470,2025,constant_mortality,5yearly,0_24,0.699965762544223
470,2025,high_variant,5yearly,0_24,0.676332773406419
470,2025,instant_replacement,5yearly,0_24,0.685082872928177
470,2025,low_variant,5yearly,0_24,0.447476850826282
470,2025,medium_variant,5yearly,0_24,0.562071254702368
470,2025,momentum,5yearly,0_24,0.818985220173701
470,2025,no_change,5yearly,0_24,0.643270401948843
470,2025,zero_migration,5yearly,0_24,0.532552256690188
470,2025,constant_fertility,5yearly,5_14,0.0354217400929821
470,2025,constant_mortality,5yearly,5_14,0.0456499410354928
470,2025,high_variant,5yearly,5_14,0.0442047564317921
470,2025,instant_replacement,5yearly,5_14,0.0486187845303867
470,2025,low_variant,5yearly,5_14,0.0354437109565372
470,2025,medium_variant,5yearly,5_14,0.0398318211993804
470,2025,momentum,5yearly,5_14,0.0533292701508457
470,2025,no_change,5yearly,5_14,0.0456760048721072
470,2025,zero_migration,5yearly,5_14,0.0355034837793458
470,2025,constant_fertility,5yearly,15plus,99.6590657516051
470,2025,constant_mortality,5yearly,15plus,99.5016548103626
470,2025,high_variant,5yearly,15plus,99.4960657766776
470,2025,instant_replacement,5yearly,15plus,99.4872928176796
470,2025,low_variant,5yearly,15plus,99.7253112400868
470,2025,medium_variant,5yearly,15plus,99.6105333038283
470,2025,momentum,5yearly,15plus,99.3790949261009
470,2025,no_change,5yearly,15plus,99.5584652862363
470,2025,zero_migration,5yearly,15plus,99.6360892912617
470,2025,constant_fertility,5yearly,15_24,0.172680982953288
470,2025,constant_mortality,5yearly,15_24,0.20162057290676
470,2025,high_variant,5yearly,15_24,0.172398550083989
470,2025,instant_replacement,5yearly,15_24,0.172375690607735
470,2025,low_variant,5yearly,15_24,0.172788090913119
470,2025,medium_variant,5yearly,15_24,0.172604558530648
470,2025,momentum,5yearly,15_24,0.19808014627457
470,2025,no_change,5yearly,15_24,0.20173568818514
470,2025,zero_migration,5yearly,15_24,0.168641547951893
470,2025,constant_fertility,5yearly,15_49,2.36440115120655
470,2025,constant_mortality,5yearly,15_49,2.65910906531746
470,2025,high_variant,5yearly,15_49,2.3605339934577
470,2025,instant_replacement,5yearly,15_49,2.36022099447514
470,2025,low_variant,5yearly,15_49,2.36586770634885
470,2025,medium_variant,5yearly,15_49,2.36335472449657
470,2025,momentum,5yearly,15_49,2.58266036873381
470,2025,no_change,5yearly,15_49,2.66062728380024
470,2025,zero_migration,5yearly,15_49,2.29885057471264
470,2025,constant_fertility,5yearly,15_59,5.68961700243524
470,2025,constant_mortality,5yearly,15_59,6.44044584775745
470,2025,high_variant,5yearly,15_59,5.68031120148528
470,2025,instant_replacement,5yearly,15_59,5.67955801104972
470,2025,low_variant,5yearly,15_59,5.69314607239378
470,2025,medium_variant,5yearly,15_59,5.68709891568931
470,2025,momentum,5yearly,15_59,6.33094621362182
470,2025,no_change,5yearly,15_59,6.44412302070646
470,2025,zero_migration,5yearly,15_59,5.59623663071939
470,2025,constant_fertility,5yearly,15_64,8.95284480850122
470,2025,constant_mortality,5yearly,15_64,10.1875451744208
470,2025,high_variant,5yearly,15_64,8.93820175050836
470,2025,instant_replacement,5yearly,15_64,8.93701657458564
470,2025,low_variant,5yearly,15_64,8.95839794426476
470,2025,medium_variant,5yearly,15_64,8.94888249612746
470,2025,momentum,5yearly,15_64,10.063995124181
470,2025,no_change,5yearly,15_64,10.1933617539586
470,2025,zero_migration,5yearly,15_64,8.84480539652953
470,2025,constant_fertility,5yearly,20plus,99.601505423954
470,2025,constant_mortality,5yearly,20plus,99.4331798988093
470,2025,high_variant,5yearly,20plus,99.4385995933162
470,2025,instant_replacement,5yearly,20plus,99.4298342541436
470,2025,low_variant,5yearly,20plus,99.6677152097825
470,2025,medium_variant,5yearly,20plus,99.5529984509847
470,2025,momentum,5yearly,20plus,99.3105287216212
470,2025,no_change,5yearly,20plus,99.4899512789282
470,2025,zero_migration,5yearly,20plus,99.5783961301203
470,2025,constant_fertility,5yearly,20_64,8.89528448085012
470,2025,constant_mortality,5yearly,20_64,10.1190702628676
470,2025,high_variant,5yearly,20_64,8.88073556714702
470,2025,instant_replacement,5yearly,20_64,8.87955801104972
470,2025,low_variant,5yearly,20_64,8.90080191396039
470,2025,medium_variant,5yearly,20_64,8.89134764328391
470,2025,momentum,5yearly,20_64,9.99542891970136
470,2025,no_change,5yearly,20_64,10.1248477466504
470,2025,zero_migration,5yearly,20_64,8.7871122353881
470,2025,constant_fertility,5yearly,20_69,14.8859862740757
470,2025,constant_mortality,5yearly,20_69,16.9779739034504
470,2025,high_variant,5yearly,20_69,14.8616391123685
470,2025,instant_replacement,5yearly,20_69,14.8596685082873
470,2025,low_variant,5yearly,20_69,14.8952195294847
470,2025,medium_variant,5yearly,20_69,14.8793980969241
470,2025,momentum,5yearly,20_69,16.8406216669206
470,2025,no_change,5yearly,20_69,16.9876674786845
470,2025,zero_migration,5yearly,20_69,14.7694492522079
470,2025,constant_fertility,5yearly,25plus,99.4863847686518
470,2025,constant_mortality,5yearly,25plus,99.3000342374558
470,2025,high_variant,5yearly,25plus,99.3236672265936
470,2025,instant_replacement,5yearly,25plus,99.3149171270718
470,2025,low_variant,5yearly,25plus,99.5525231491737
470,2025,medium_variant,5yearly,25plus,99.4379287452976
470,2025,momentum,5yearly,25plus,99.1810147798263
470,2025,no_change,5yearly,25plus,99.3567295980511
470,2025,zero_migration,5yearly,25plus,99.4674477433098
470,2025,constant_fertility,5yearly,25_69,14.7708656187735
470,2025,constant_mortality,5yearly,25_69,16.8448282420969
470,2025,high_variant,5yearly,25_69,14.7467067456458
470,2025,instant_replacement,5yearly,25_69,14.7447513812155
470,2025,low_variant,5yearly,25_69,14.780027468876
470,2025,medium_variant,5yearly,25_69,14.764328391237
470,2025,momentum,5yearly,25_69,16.7111077251257
470,2025,no_change,5yearly,25_69,16.8544457978076
470,2025,zero_migration,5yearly,25_69,14.6585008653974
470,2025,constant_fertility,5yearly,40plus,98.7381005091875
470,2025,constant_mortality,5yearly,40plus,98.4517061665462
470,2025,high_variant,5yearly,40plus,98.5766068428963
470,2025,instant_replacement,5yearly,40plus,98.567955801105
470,2025,low_variant,5yearly,40plus,98.8037747552169
470,2025,medium_variant,5yearly,40plus,98.6899756583315
470,2025,momentum,5yearly,40plus,98.3734572603992
470,2025,no_change,5yearly,40plus,98.5079171741778
470,2025,zero_migration,5yearly,40plus,98.7529401322505
470,2025,constant_fertility,5yearly,50plus,97.2946646003985
470,2025,constant_mortality,5yearly,50plus,96.8425457450451
470,2025,high_variant,5yearly,50plus,97.1355317832199
470,2025,instant_replacement,5yearly,50plus,97.1270718232044
470,2025,low_variant,5yearly,50plus,97.359443533738
470,2025,medium_variant,5yearly,50plus,97.2471785793317
470,2025,momentum,5yearly,50plus,96.7964345573671
470,2025,no_change,5yearly,50plus,96.8978380024361
470,2025,zero_migration,5yearly,50plus,97.3372387165491
470,2025,constant_fertility,5yearly,60plus,93.9694487491698
470,2025,constant_mortality,5yearly,60plus,93.0612089626051
470,2025,high_variant,5yearly,60plus,93.8157545751923
470,2025,instant_replacement,5yearly,60plus,93.8077348066299
470,2025,low_variant,5yearly,60plus,94.032165167693
470,2025,medium_variant,5yearly,60plus,93.923434388139
470,2025,momentum,5yearly,60plus,93.048148712479
470,2025,no_change,5yearly,60plus,93.1143422655299
470,2025,zero_migration,5yearly,60plus,94.0398526605423
470,2025,constant_fertility,5yearly,65plus,90.7062209431038
470,2025,constant_mortality,5yearly,65plus,89.3141096359417
470,2025,high_variant,5yearly,65plus,90.5578640261692
470,2025,instant_replacement,5yearly,65plus,90.5502762430939
470,2025,low_variant,5yearly,65plus,90.7669132958221
470,2025,medium_variant,5yearly,65plus,90.6616508077008
470,2025,momentum,5yearly,65plus,89.3150998019199
470,2025,no_change,5yearly,65plus,89.3651035322777
470,2025,zero_migration,5yearly,65plus,90.7912838947322
470,2025,constant_fertility,5yearly,70plus,84.7155191498782
470,2025,constant_mortality,5yearly,70plus,82.4552059953589
470,2025,high_variant,5yearly,70plus,84.5769604809477
470,2025,instant_replacement,5yearly,70plus,84.5701657458564
470,2025,low_variant,5yearly,70plus,84.7724956802977
470,2025,medium_variant,5yearly,70plus,84.6736003540606
470,2025,momentum,5yearly,70plus,82.4699070547006
470,2025,no_change,5yearly,70plus,82.5022838002436
470,2025,zero_migration,5yearly,70plus,84.8089468779124
470,2025,constant_fertility,5yearly,80plus,57.5160504759796
470,2025,constant_mortality,5yearly,80plus,52.6115570434055
470,2025,high_variant,5yearly,80plus,57.4175581292547
470,2025,instant_replacement,5yearly,80plus,57.414364640884
470,2025,low_variant,5yearly,80plus,57.5517256656772
470,2025,medium_variant,5yearly,80plus,57.486169506528
470,2025,momentum,5yearly,80plus,52.6359896388846
470,2025,no_change,5yearly,80plus,52.6415956151035
470,2025,zero_migration,5yearly,80plus,57.5955265610438
470,2025,constant_fertility,5yearly,90plus,17.113128182422
470,2025,constant_mortality,5yearly,90plus,13.1814204739986
470,2025,high_variant,5yearly,90plus,17.0851383608876
470,2025,instant_replacement,5yearly,90plus,17.0828729281768
470,2025,low_variant,5yearly,90plus,17.123742855877
470,2025,medium_variant,5yearly,90plus,17.1055543261784
470,2025,momentum,5yearly,90plus,13.1989943623343
470,2025,no_change,5yearly,90plus,13.188946406821
470,2025,zero_migration,5yearly,90plus,17.148182665424
470,2030,constant_fertility,5yearly,"Region, subregion, country or area *",Malta
470,2030,constant_mortality,5yearly,"Region, subregion, country or area *",Malta
470,2030,high_variant,5yearly,"Region, subregion, country or area *",Malta
470,2030,instant_replacement,5yearly,"Region, subregion, country or area *",Malta
470,2030,low_variant,5yearly,"Region, subregion, country or area *",Malta
470,2030,medium_variant,5yearly,"Region, subregion, country or area *",Malta
470,2030,momentum,5yearly,"Region, subregion, country or area *",Malta
470,2030,no_change,5yearly,"Region, subregion, country or area *",Malta
470,2030,zero_migration,5yearly,"Region, subregion, country or area *",Malta
470,2030,constant_fertility,5yearly,0_4,0.229828449478782
470,2030,constant_mortality,5yearly,0_4,0.385805151020124
470,2030,high_variant,5yearly,0_4,0.352487908844987
470,2030,instant_replacement,5yearly,0_4,0.348346379246752
470,2030,low_variant,5yearly,0_4,0.184766988298091
470,2030,medium_variant,5yearly,0_4,0.266655726944536
470,2030,momentum,5yearly,0_4,0.463721627558314
470,2030,no_change,5yearly,0_4,0.330388815469152
470,2030,zero_migration,5yearly,0_4,0.247086439072602
470,2030,constant_fertility,5yearly,0_14,0.262661085118608
470,2030,constant_mortality,5yearly,0_14,0.427513815995273
470,2030,high_variant,5yearly,0_14,0.393474874989753
470,2030,instant_replacement,5yearly,0_14,0.393426498913979
470,2030,low_variant,5yearly,0_14,0.209402586737836
470,2030,medium_variant,5yearly,0_14,0.299474893337709
470,2030,momentum,5yearly,0_14,0.519507688016457
470,2030,no_change,5yearly,0_14,0.368644362523475
470,2030,zero_migration,5yearly,0_14,0.280031297615616
470,2030,constant_fertility,5yearly,0_19,0.316014118033325
470,2030,constant_mortality,5yearly,0_19,0.493552535539258
470,2030,high_variant,5yearly,0_19,0.450856627592426
470,2030,instant_replacement,5yearly,0_19,0.454899389369288
470,2030,low_variant,5yearly,0_19,0.258673783617327
470,2030,medium_variant,5yearly,0_19,0.352806038726616
470,2030,momentum,5yearly,0_19,0.59272689236777
470,2030,no_change,5yearly,0_19,0.431244348612367
470,2030,zero_migration,5yearly,0_19,0.329448585430136
470,2030,constant_fertility,5yearly,0_24,0.418616104407781
470,2030,constant_mortality,5yearly,0_24,0.618678530464704
470,2030,high_variant,5yearly,0_24,0.553324042954341
470,2030,instant_replacement,5yearly,0_24,0.557354206794804
470,2030,low_variant,5yearly,0_24,0.3613221104496
470,2030,medium_variant,5yearly,0_24,0.455365933705284
470,2030,momentum,5yearly,0_24,0.711272270841324
470,2030,no_change,5yearly,0_24,0.556444320790151
470,2030,zero_migration,5yearly,0_24,0.428283161059177
470,2030,constant_fertility,5yearly,5_14,0.032832635639826
470,2030,constant_mortality,5yearly,5_14,0.0417086649751486
470,2030,high_variant,5yearly,5_14,0.040986966144766
470,2030,instant_replacement,5yearly,5_14,0.0450801196672267
470,2030,low_variant,5yearly,5_14,0.0246355984397454
470,2030,medium_variant,5yearly,5_14,0.0328191663931736
470,2030,momentum,5yearly,5_14,0.055786060458143
470,2030,no_change,5yearly,5_14,0.0382555470543229
470,2030,zero_migration,5yearly,5_14,0.0329448585430136
470,2030,constant_fertility,5yearly,15plus,99.7373389148814
470,2030,constant_mortality,5yearly,15plus,99.5724861840047
470,2030,high_variant,5yearly,15plus,99.6065251250103
470,2030,instant_replacement,5yearly,15plus,99.606573501086
470,2030,low_variant,5yearly,15plus,99.7905974132622
470,2030,medium_variant,5yearly,15plus,99.7005251066623
470,2030,momentum,5yearly,15plus,99.4804923119835
470,2030,no_change,5yearly,15plus,99.6313556374765
470,2030,zero_migration,5yearly,15plus,99.7199687023844
470,2030,constant_fertility,5yearly,15_24,0.155955019289173
470,2030,constant_mortality,5yearly,15_24,0.191164714469431
470,2030,high_variant,5yearly,15_24,0.159849167964587
470,2030,instant_replacement,5yearly,15_24,0.163927707880825
470,2030,low_variant,5yearly,15_24,0.151919523711764
470,2030,medium_variant,5yearly,15_24,0.155891040367575
470,2030,momentum,5yearly,15_24,0.191764582824867
470,2030,no_change,5yearly,15_24,0.187799958266676
470,2030,zero_migration,5yearly,15_24,0.148251863443561
470,2030,constant_fertility,5yearly,15_49,1.9617499794796
470,2030,constant_mortality,5yearly,15_49,2.35306384901463
470,2030,high_variant,5yearly,15_49,1.96327567833429
470,2030,instant_replacement,5yearly,15_49,1.96713249456989
470,2030,low_variant,5yearly,15_49,1.95853007595976
470,2030,medium_variant,5yearly,15_49,1.96094519199212
470,2030,momentum,5yearly,15_49,2.25584881977616
470,2030,no_change,5yearly,15_49,2.35097725533839
470,2030,zero_migration,5yearly,15_49,1.8737388296339
470,2030,constant_fertility,5yearly,15_59,5.04391365016827
470,2030,constant_mortality,5yearly,15_59,6.13812519550937
470,2030,high_variant,5yearly,15_59,5.04139683580621
470,2030,instant_replacement,5yearly,15_59,5.04487521003238
470,2030,low_variant,5yearly,15_59,5.04208581400123
470,2030,medium_variant,5yearly,15_59,5.0418444371513
470,2030,momentum,5yearly,15_59,5.98654161291447
470,2030,no_change,5yearly,15_59,6.13827641371635
470,2030,zero_migration,5yearly,15_59,4.91290203022691
470,2030,constant_fertility,5yearly,15_64,7.70335713699417
470,2030,constant_mortality,5yearly,15_64,9.45396406103368
470,2030,high_variant,5yearly,15_64,7.69735224198705
470,2030,instant_replacement,5yearly,15_64,7.70050407770173
470,2030,low_variant,5yearly,15_64,7.70273044549374
470,2030,medium_variant,5yearly,15_64,7.70019691499836
470,2030,momentum,5yearly,15_64,9.27791917994491
470,2030,no_change,5yearly,15_64,9.45607567642763
470,2030,zero_migration,5yearly,15_64,7.55260882098587
470,2030,constant_fertility,5yearly,20plus,99.6839858819667
470,2030,constant_mortality,5yearly,20plus,99.5064474644607
470,2030,high_variant,5yearly,20plus,99.5491433724076
470,2030,instant_replacement,5yearly,20plus,99.5451006106307
470,2030,low_variant,5yearly,20plus,99.7413262163827
470,2030,medium_variant,5yearly,20plus,99.6471939612734
470,2030,momentum,5yearly,20plus,99.4072731076322
470,2030,no_change,5yearly,20plus,99.5687556513876
470,2030,zero_migration,5yearly,20plus,99.6705514145699
470,2030,constant_fertility,5yearly,20_64,7.65000410407945
470,2030,constant_mortality,5yearly,20_64,9.38792534148969
470,2030,high_variant,5yearly,20_64,7.63997048938437
470,2030,instant_replacement,5yearly,20_64,7.63903118724642
470,2030,low_variant,5yearly,20_64,7.65345924861425
470,2030,medium_variant,5yearly,20_64,7.64686576960945
470,2030,momentum,5yearly,20_64,9.2046999755936
470,2030,no_change,5yearly,20_64,9.39347569033874
470,2030,zero_migration,5yearly,20_64,7.50319153317135
470,2030,constant_fertility,5yearly,20_69,12.1891159812854
470,2030,constant_mortality,5yearly,20_69,15.0151193910535
470,2030,high_variant,5yearly,20_69,12.1731289449955
470,2030,instant_replacement,5yearly,20_69,12.1716323101512
470,2030,low_variant,5yearly,20_69,12.194621227674
470,2030,medium_variant,5yearly,20_69,12.1841155234657
470,2030,momentum,5yearly,20_69,14.811199051637
470,2030,no_change,5yearly,20_69,15.0239966613341
470,2030,zero_migration,5yearly,20_69,12.0248733682
470,2030,constant_fertility,5yearly,25plus,99.5813838955922
470,2030,constant_mortality,5yearly,25plus,99.3813214695353
470,2030,high_variant,5yearly,25plus,99.4466759570457
470,2030,instant_replacement,5yearly,25plus,99.4426457932052
470,2030,low_variant,5yearly,25plus,99.6386778895504
470,2030,medium_variant,5yearly,25plus,99.5446340662947
470,2030,momentum,5yearly,25plus,99.2887277291587
470,2030,no_change,5yearly,25plus,99.4435556792099
470,2030,zero_migration,5yearly,25plus,99.5717168389408
470,2030,constant_fertility,5yearly,25_69,12.0865139949109
470,2030,constant_mortality,5yearly,25_69,14.889993396128
470,2030,high_variant,5yearly,25_69,12.0706615296336
470,2030,instant_replacement,5yearly,25_69,12.0691774927257
470,2030,low_variant,5yearly,25_69,12.0919729008417
470,2030,medium_variant,5yearly,25_69,12.081555628487
470,2030,momentum,5yearly,25_69,14.6926536731634
470,2030,no_change,5yearly,25_69,14.8987966891563
470,2030,zero_migration,5yearly,25_69,11.9260387925709
470,2030,constant_fertility,5yearly,40plus,99.0109168513502
470,2030,constant_mortality,5yearly,40plus,98.6931284974453
470,2030,high_variant,5yearly,40plus,98.8769571276334
470,2030,instant_replacement,5yearly,40plus,98.8729970083193
470,2030,low_variant,5yearly,40plus,99.067953192363
470,2030,medium_variant,5yearly,40plus,98.9744010502133
470,2030,momentum,5yearly,40plus,98.6506746626686
470,2030,no_change,5yearly,40plus,98.754955832232
470,2030,zero_migration,5yearly,40plus,99.0445991022526
470,2030,constant_fertility,5yearly,50plus,97.7755889354018
470,2030,constant_mortality,5yearly,50plus,97.2194223349901
470,2030,high_variant,5yearly,50plus,97.643249446676
470,2030,instant_replacement,5yearly,50plus,97.6394410065161
470,2030,low_variant,5yearly,50plus,97.8320673373024
470,2030,medium_variant,5yearly,50plus,97.7395799146702
470,2030,momentum,5yearly,50plus,97.2246434922074
470,2030,no_change,5yearly,50plus,97.2803783821381
470,2030,zero_migration,5yearly,50plus,97.8462298727505
470,2030,constant_fertility,5yearly,60plus,94.6934252647131
470,2030,constant_mortality,5yearly,60plus,93.4343609884954
470,2030,high_variant,5yearly,60plus,94.565128289204
470,2030,instant_replacement,5yearly,60plus,94.5616982910536
470,2030,low_variant,5yearly,60plus,94.7485115992609
470,2030,medium_variant,5yearly,60plus,94.658680669511
470,2030,momentum,5yearly,60plus,93.4939506990691
470,2030,no_change,5yearly,60plus,93.4930792237602
470,2030,zero_migration,5yearly,60plus,94.8070666721575
470,2030,constant_fertility,5yearly,65plus,92.0339817778872
470,2030,constant_mortality,5yearly,65plus,90.1185221229711
470,2030,high_variant,5yearly,65plus,91.9091728830232
470,2030,instant_replacement,5yearly,65plus,91.9060694233843
470,2030,low_variant,5yearly,65plus,92.0878669677684
470,2030,medium_variant,5yearly,65plus,92.0003281916639
470,2030,momentum,5yearly,65plus,90.2025731320386
470,2030,no_change,5yearly,65plus,90.1752799610489
470,2030,zero_migration,5yearly,65plus,92.1673598813985
470,2030,constant_fertility,5yearly,70plus,87.4948699006813
470,2030,constant_mortality,5yearly,70plus,84.4913280734072
470,2030,high_variant,5yearly,70plus,87.3760144274121
470,2030,instant_replacement,5yearly,70plus,87.3734683004795
470,2030,low_variant,5yearly,70plus,87.5467049887087
470,2030,medium_variant,5yearly,70plus,87.4630784378077
470,2030,momentum,5yearly,70plus,84.5960740559953
470,2030,no_change,5yearly,70plus,84.5447589900536
470,2030,zero_migration,5yearly,70plus,87.6456780463699
470,2030,constant_fertility,5yearly,80plus,64.8075186735615
470,2030,constant_mortality,5yearly,80plus,58.0619373674881
470,2030,high_variant,5yearly,80plus,64.7225182391999
470,2030,instant_replacement,5yearly,80plus,64.7186590713495
470,2030,low_variant,5yearly,80plus,64.8491069595566
470,2030,medium_variant,5yearly,80plus,64.7850344601247
470,2030,momentum,5yearly,80plus,58.1709145427286
470,2030,no_change,5yearly,80plus,58.0997426445016
470,2030,zero_migration,5yearly,80plus,64.9590248321871
470,2030,constant_fertility,5yearly,90plus,20.2741525075925
470,2030,constant_mortality,5yearly,90plus,14.4763824684578
470,2030,high_variant,5yearly,90plus,20.2434625788999
470,2030,instant_replacement,5yearly,90plus,20.2450719232818
470,2030,low_variant,5yearly,90plus,20.2874153151304
470,2030,medium_variant,5yearly,90plus,20.2658352477847
470,2030,momentum,5yearly,90plus,14.5113489766745
470,2030,no_change,5yearly,90plus,14.4849412255686
470,2030,zero_migration,5yearly,90plus,20.3269777210394
470,2035,constant_fertility,5yearly,"Region, subregion, country or area *",Malta
470,2035,constant_mortality,5yearly,"Region, subregion, country or area *",Malta
470,2035,high_variant,5yearly,"Region, subregion, country or area *",Malta
470,2035,instant_replacement,5yearly,"Region, subregion, country or area *",Malta
470,2035,low_variant,5yearly,"Region, subregion, country or area *",Malta
470,2035,medium_variant,5yearly,"Region, subregion, country or area *",Malta
470,2035,momentum,5yearly,"Region, subregion, country or area *",Malta
470,2035,no_change,5yearly,"Region, subregion, country or area *",Malta
470,2035,zero_migration,5yearly,"Region, subregion, country or area *",Malta
470,2035,constant_fertility,5yearly,0_4,0.183043190403863
470,2035,constant_mortality,5yearly,0_4,0.347417529695927
470,2035,high_variant,5yearly,0_4,0.287803360298693
470,2035,instant_replacement,5yearly,0_4,0.279992222438266
470,2035,low_variant,5yearly,0_4,0.148061562439119
470,2035,medium_variant,5yearly,0_4,0.217992136712211
470,2035,momentum,5yearly,0_4,0.418827283605903
470,2035,no_change,5yearly,0_4,0.294643448321526
470,2035,zero_migration,5yearly,0_4,0.19956955585991
470,2035,constant_fertility,5yearly,0_14,0.206410406200101
470,2035,constant_mortality,5yearly,0_14,0.383813651854548
470,2035,high_variant,5yearly,0_14,0.326695706285003
470,2035,instant_replacement,5yearly,0_14,0.318880031110247
470,2035,low_variant,5yearly,0_14,0.167543346970583
470,2035,medium_variant,5yearly,0_14,0.245241153801238
470,2035,momentum,5yearly,0_14,0.465363648451004
470,2035,no_change,5yearly,0_14,0.32774945375091
470,2035,zero_migration,5yearly,0_14,0.226961455683819
470,2035,constant_fertility,5yearly,0_19,0.249250301826537
470,2035,constant_mortality,5yearly,0_19,0.44667968103762
470,2035,high_variant,5yearly,0_19,0.381144990665837
470,2035,instant_replacement,5yearly,0_19,0.381100524985417
470,2035,low_variant,5yearly,0_19,0.202610559127216
470,2035,medium_variant,5yearly,0_19,0.291953754525283
470,2035,momentum,5yearly,0_19,0.548464299960112
470,2035,no_change,5yearly,0_19,0.387340263523803
470,2035,zero_migration,5yearly,0_19,0.270005869692819
470,2035,constant_fertility,5yearly,0_24,0.338824629045449
470,2035,constant_mortality,5yearly,0_24,0.569103001025709
470,2035,high_variant,5yearly,0_24,0.478375855631612
470,2035,instant_replacement,5yearly,0_24,0.489986389266965
470,2035,low_variant,5yearly,0_24,0.288330411065654
470,2035,medium_variant,5yearly,0_24,0.38148623924637
470,2035,momentum,5yearly,0_24,0.688073394495413
470,2035,no_change,5yearly,0_24,0.506521883069589
470,2035,zero_migration,5yearly,0_24,0.35609469771082
470,2035,constant_fertility,5yearly,5_14,0.0233672157962379
470,2035,constant_mortality,5yearly,5_14,0.0363961221586209
470,2035,high_variant,5yearly,5_14,0.0388923459863099
470,2035,instant_replacement,5yearly,5_14,0.0388878086719813
470,2035,low_variant,5yearly,5_14,0.0194817845314631
470,2035,medium_variant,5yearly,5_14,0.0272490170890264
470,2035,momentum,5yearly,5_14,0.0465363648451004
470,2035,no_change,5yearly,5_14,0.0331060054293849
470,2035,zero_migration,5yearly,5_14,0.0273918998239092
470,2035,constant_fertility,5yearly,15plus,99.7935895937999
470,2035,constant_mortality,5yearly,15plus,99.6161863481455
470,2035,high_variant,5yearly,15plus,99.673304293715
470,2035,instant_replacement,5yearly,15plus,99.6811199688897
470,2035,low_variant,5yearly,15plus,99.8324566530294
470,2035,medium_variant,5yearly,15plus,99.7547588461988
470,2035,momentum,5yearly,15plus,99.534636351549
470,2035,no_change,5yearly,15plus,99.6722505462491
470,2035,zero_migration,5yearly,15plus,99.7730385443162
470,2035,constant_fertility,5yearly,15_24,0.132414222845348
470,2035,constant_mortality,5yearly,15_24,0.185289349171161
470,2035,high_variant,5yearly,15_24,0.151680149346609
470,2035,instant_replacement,5yearly,15_24,0.171106358156718
470,2035,low_variant,5yearly,15_24,0.120787064095071
470,2035,medium_variant,5yearly,15_24,0.136245085445132
470,2035,momentum,5yearly,15_24,0.222709746044409
470,2035,no_change,5yearly,15_24,0.178772429318678
470,2035,zero_migration,5yearly,15_24,0.129133242027001
470,2035,constant_fertility,5yearly,15_49,1.61623242590645
470,2035,constant_mortality,5yearly,15_49,2.12421003871224
470,2035,high_variant,5yearly,15_49,1.63347853142502
470,2035,instant_replacement,5yearly,15_49,1.65273186855921
470,2035,low_variant,5yearly,15_49,1.60529904539256
470,2035,medium_variant,5yearly,15_49,1.61937015843357
470,2035,momentum,5yearly,15_49,2.04760005318442
470,2035,no_change,5yearly,15_49,2.11878434748063
470,2035,zero_migration,5yearly,15_49,1.52612013304637
470,2035,constant_fertility,5yearly,15_59,4.420298321455
470,2035,constant_mortality,5yearly,15_59,5.92264169672104
470,2035,high_variant,5yearly,15_59,4.43372744243933
470,2035,instant_replacement,5yearly,15_59,4.45265409294186
470,2035,low_variant,5yearly,15_59,4.41067601792324
470,2035,medium_variant,5yearly,15_59,4.42212620187629
470,2035,momentum,5yearly,15_59,5.76718521473208
470,2035,no_change,5yearly,15_59,5.91935377077402
470,2035,zero_migration,5yearly,15_59,4.26922324398357
470,2035,constant_fertility,5yearly,15_64,6.97511391517701
470,2035,constant_mortality,5yearly,15_64,9.44644806935115
470,2035,high_variant,5yearly,15_64,6.98506533914126
470,2035,instant_replacement,5yearly,15_64,7.00369434182384
470,2035,low_variant,5yearly,15_64,6.9666861484512
470,2035,medium_variant,5yearly,15_64,6.97574837479077
470,2035,momentum,5yearly,15_64,9.25408855205425
470,2035,no_change,5yearly,15_64,9.44514334900351
470,2035,zero_migration,5yearly,15_64,6.79710428487576
470,2035,constant_fertility,5yearly,20plus,99.7507496981734
470,2035,constant_mortality,5yearly,20plus,99.5533203189624
470,2035,high_variant,5yearly,20plus,99.6188550093342
470,2035,instant_replacement,5yearly,20plus,99.6188994750146
470,2035,low_variant,5yearly,20plus,99.7973894408728
470,2035,medium_variant,5yearly,20plus,99.7080462454747
470,2035,momentum,5yearly,20plus,99.4515357000399
470,2035,no_change,5yearly,20plus,99.6126597364762
470,2035,zero_migration,5yearly,20plus,99.7299941303072
470,2035,constant_fertility,5yearly,20_64,6.93227401955057
470,2035,constant_mortality,5yearly,20_64,9.38358204016808
470,2035,high_variant,5yearly,20_64,6.93061605476042
470,2035,instant_replacement,5yearly,20_64,6.94147384794867
470,2035,low_variant,5yearly,20_64,6.93161893629456
470,2035,medium_variant,5yearly,20_64,6.92903577406672
470,2035,momentum,5yearly,20_64,9.17098790054514
470,2035,no_change,5yearly,20_64,9.38555253923062
470,2035,zero_migration,5yearly,20_64,6.75405987086676
470,2035,constant_fertility,5yearly,20_69,10.7411301943373
470,2035,constant_mortality,5yearly,20_69,14.594844985607
470,2035,high_variant,5yearly,20_69,10.7342874922215
470,2035,instant_replacement,5yearly,20_69,10.7447015360684
470,2035,low_variant,5yearly,20_69,10.7422559906487
470,2035,medium_variant,5yearly,20_69,10.7361127330764
470,2035,momentum,5yearly,20_69,14.3498205025927
470,2035,no_change,5yearly,20_69,14.5997483943587
470,2035,zero_migration,5yearly,20_69,10.5380551751125
470,2035,constant_fertility,5yearly,25plus,99.6611753709545
470,2035,constant_mortality,5yearly,25plus,99.4308969989743
470,2035,high_variant,5yearly,25plus,99.5216241443684
470,2035,instant_replacement,5yearly,25plus,99.510013610733
470,2035,low_variant,5yearly,25plus,99.7116695889343
470,2035,medium_variant,5yearly,25plus,99.6185137607536
470,2035,momentum,5yearly,25plus,99.3119266055046
470,2035,no_change,5yearly,25plus,99.4934781169304
470,2035,zero_migration,5yearly,25plus,99.6439053022892
470,2035,constant_fertility,5yearly,25_69,10.6515558671184
470,2035,constant_mortality,5yearly,25_69,14.4724216656189
470,2035,high_variant,5yearly,25_69,10.6370566272558
470,2035,instant_replacement,5yearly,25_69,10.6358156717869
470,2035,low_variant,5yearly,25_69,10.6565361387103
470,2035,medium_variant,5yearly,25_69,10.6465802483553
470,2035,momentum,5yearly,25_69,14.2102114080574
470,2035,no_change,5yearly,25_69,14.480566774813
470,2035,zero_migration,5yearly,25_69,10.4519663470945
470,2035,constant_fertility,5yearly,40plus,99.2094091988939
470,2035,constant_mortality,5yearly,40plus,98.8320153525461
470,2035,high_variant,5yearly,40plus,99.0704729309272
470,2035,instant_replacement,5yearly,40plus,99.058915030138
470,2035,low_variant,5yearly,40plus,99.2596921878044
470,2035,medium_variant,5yearly,40plus,99.1669586204212
470,2035,momentum,5yearly,40plus,98.7601382794841
470,2035,no_change,5yearly,40plus,98.8942594186585
470,2035,zero_migration,5yearly,40plus,99.225200547838
470,2035,constant_fertility,5yearly,50plus,98.1773571678934
470,2035,constant_mortality,5yearly,50plus,97.4919763094332
470,2035,high_variant,5yearly,50plus,98.03982576229
470,2035,instant_replacement,5yearly,50plus,98.0283881003305
470,2035,low_variant,5yearly,50plus,98.2271576076369
470,2035,medium_variant,5yearly,50plus,98.1353886877652
470,2035,momentum,5yearly,50plus,97.4870362983646
470,2035,no_change,5yearly,50plus,97.5534661987684
470,2035,zero_migration,5yearly,50plus,98.2469184112698
470,2035,constant_fertility,5yearly,60plus,95.3732912723449
470,2035,constant_mortality,5yearly,60plus,93.6935446514244
470,2035,high_variant,5yearly,60plus,95.2395768512757
470,2035,instant_replacement,5yearly,60plus,95.2284658759479
470,2035,low_variant,5yearly,60plus,95.4217806351062
470,2035,medium_variant,5yearly,60plus,95.3326326443225
470,2035,momentum,5yearly,60plus,93.7674511368169
470,2035,no_change,5yearly,60plus,93.7528967754751
470,2035,zero_migration,5yearly,60plus,95.5038153003326
470,2035,constant_fertility,5yearly,65plus,92.8184756786229
470,2035,constant_mortality,5yearly,65plus,90.1697382787943
470,2035,high_variant,5yearly,65plus,92.6882389545737
470,2035,instant_replacement,5yearly,65plus,92.6774256270659
470,2035,low_variant,5yearly,65plus,92.8657705045783
470,2035,medium_variant,5yearly,65plus,92.779010471408
470,2035,momentum,5yearly,65plus,90.2805477994948
470,2035,no_change,5yearly,65plus,90.2271071972456
470,2035,zero_migration,5yearly,65plus,92.9759342594404
470,2035,constant_fertility,5yearly,70plus,89.0096195038361
470,2035,constant_mortality,5yearly,70plus,84.9584753333554
470,2035,high_variant,5yearly,70plus,88.8845675171126
470,2035,instant_replacement,5yearly,70plus,88.8741979389461
470,2035,low_variant,5yearly,70plus,89.0551334502241
470,2035,medium_variant,5yearly,70plus,88.9719335123983
470,2035,momentum,5yearly,70plus,85.1017151974471
470,2035,no_change,5yearly,70plus,85.0129113421174
470,2035,zero_migration,5yearly,70plus,89.1919389551947
470,2035,constant_fertility,5yearly,80plus,69.9653386299022
470,2035,constant_mortality,5yearly,80plus,60.9502696621778
470,2035,high_variant,5yearly,80plus,69.8662103298071
470,2035,instant_replacement,5yearly,80plus,69.8580594983473
470,2035,low_variant,5yearly,80plus,69.9980518215468
470,2035,medium_variant,5yearly,80plus,69.9326560006228
470,2035,momentum,5yearly,80plus,61.1088950937375
470,2035,no_change,5yearly,80plus,60.9911938025558
470,2035,zero_migration,5yearly,80plus,70.158481706124
470,2035,constant_fertility,5yearly,90plus,26.2959068426997
470,2035,constant_mortality,5yearly,90plus,17.5793270026139
470,2035,high_variant,5yearly,90plus,26.2601120099564
470,2035,instant_replacement,5yearly,90plus,26.2570484153218
470,2035,low_variant,5yearly,90plus,26.3082018312877
470,2035,medium_variant,5yearly,90plus,26.2836233407295
470,2035,momentum,5yearly,90plus,17.6406063023534
470,2035,no_change,5yearly,90plus,17.5892206846322
470,2035,zero_migration,5yearly,90plus,26.3862257875171
470,2040,constant_fertility,5yearly,"Region, subregion, country or area *",Malta
470,2040,constant_mortality,5yearly,"Region, subregion, country or area *",Malta
470,2040,high_variant,5yearly,"Region, subregion, country or area *",Malta
470,2040,instant_replacement,5yearly,"Region, subregion, country or area *",Malta
470,2040,low_variant,5yearly,"Region, subregion, country or area *",Malta
470,2040,medium_variant,5yearly,"Region, subregion, country or area *",Malta
470,2040,momentum,5yearly,"Region, subregion, country or area *",Malta
470,2040,no_change,5yearly,"Region, subregion, country or area *",Malta
470,2040,zero_migration,5yearly,"Region, subregion, country or area *",Malta
470,2040,constant_fertility,5yearly,0_4,0.16008537886873
470,2040,constant_mortality,5yearly,0_4,0.342307945494043
470,2040,high_variant,5yearly,0_4,0.258771596011873
470,2040,instant_replacement,5yearly,0_4,0.254907928777964
470,2040,low_variant,5yearly,0_4,0.129667060752832
470,2040,medium_variant,5yearly,0_4,0.19049796167181
470,2040,momentum,5yearly,0_4,0.430763113423241
470,2040,no_change,5yearly,0_4,0.286561264822134
470,2040,zero_migration,5yearly,0_4,0.176481872242471
470,2040,constant_fertility,5yearly,0_14,0.179143162067388
470,2040,constant_mortality,5yearly,0_14,0.378513593575143
470,2040,high_variant,5yearly,0_14,0.289215313189741
470,2040,instant_replacement,5yearly,0_14,0.285344696393243
470,2040,low_variant,5yearly,0_14,0.14873574615766
470,2040,medium_variant,5yearly,0_14,0.213357717072427
470,2040,momentum,5yearly,0_14,0.473839424765566
470,2040,no_change,5yearly,0_14,0.319499341238472
470,2040,zero_migration,5yearly,0_14,0.199501246882793
470,2040,constant_fertility,5yearly,0_19,0.217258728464705
470,2040,constant_mortality,5yearly,0_19,0.437759199526035
470,2040,high_variant,5yearly,0_19,0.342491818251008
470,2040,instant_replacement,5yearly,0_19,0.338609039719982
470,2040,low_variant,5yearly,0_19,0.179245642805385
470,2040,medium_variant,5yearly,0_19,0.255267268640226
470,2040,momentum,5yearly,0_19,0.55005136021737
470,2040,no_change,5yearly,0_19,0.375494071146245
470,2040,zero_migration,5yearly,0_19,0.23786687128333
470,2040,constant_fertility,5yearly,0_24,0.293489861259338
470,2040,constant_mortality,5yearly,0_24,0.559541833980646
470,2040,high_variant,5yearly,0_24,0.441433899079078
470,2040,instant_replacement,5yearly,0_24,0.452746918277279
470,2040,low_variant,5yearly,0_24,0.244079173181801
470,2040,medium_variant,5yearly,0_24,0.339086371775822
470,2040,momentum,5yearly,0_24,0.709102355942874
470,2040,no_change,5yearly,0_24,0.490777338603426
470,2040,zero_migration,5yearly,0_24,0.314598120084404
470,2040,constant_fertility,5yearly,5_14,0.0190577831986583
470,2040,constant_mortality,5yearly,5_14,0.0362056480811006
470,2040,high_variant,5yearly,5_14,0.0304437171778674
470,2040,instant_replacement,5yearly,5_14,0.0304367676152793
470,2040,low_variant,5yearly,5_14,0.0190686854048282
470,2040,medium_variant,5yearly,5_14,0.0228597554006172
470,2040,momentum,5yearly,5_14,0.0430763113423241
470,2040,no_change,5yearly,5_14,0.0329380764163373
470,2040,zero_migration,5yearly,5_14,0.0230193746403223
470,2040,constant_fertility,5yearly,15plus,99.8208568379326
470,2040,constant_mortality,5yearly,15plus,99.6214864064249
470,2040,high_variant,5yearly,15plus,99.7107846868103
470,2040,instant_replacement,5yearly,15plus,99.7146553036067
470,2040,low_variant,5yearly,15plus,99.8512642538423
470,2040,medium_variant,5yearly,15plus,99.7866422829276
470,2040,momentum,5yearly,15plus,99.5261605752344
470,2040,no_change,5yearly,15plus,99.6805006587615
470,2040,zero_migration,5yearly,15plus,99.8004987531172
470,2040,constant_fertility,5yearly,15_24,0.11434669919195
470,2040,constant_mortality,5yearly,15_24,0.181028240405503
470,2040,high_variant,5yearly,15_24,0.152218585889337
470,2040,instant_replacement,5yearly,15_24,0.167402221884036
470,2040,low_variant,5yearly,15_24,0.095343427024141
470,2040,medium_variant,5yearly,15_24,0.125728654703395
470,2040,momentum,5yearly,15_24,0.235262931177309
470,2040,no_change,5yearly,15_24,0.171277997364954
470,2040,zero_migration,5yearly,15_24,0.115096873201611
470,2040,constant_fertility,5yearly,15_49,1.34547949382528
470,2040,constant_mortality,5yearly,15_49,1.94852215127378
470,2040,high_variant,5yearly,15_49,1.39280006088743
470,2040,instant_replacement,5yearly,15_49,1.4191142900624
470,2040,low_variant,5yearly,15_49,1.32336676709508
470,2040,medium_variant,5yearly,15_49,1.36015544633672
470,2040,momentum,5yearly,15_49,1.90198482388416
470,2040,no_change,5yearly,15_49,1.93675889328063
470,2040,zero_migration,5yearly,15_49,1.25839248033762
470,2040,constant_fertility,5yearly,15_59,3.8763531026071
470,2040,constant_mortality,5yearly,15_59,5.74353235468369
470,2040,high_variant,5yearly,15_59,3.91962858665043
470,2040,instant_replacement,5yearly,15_59,3.94536600213057
470,2040,low_variant,5yearly,15_59,3.85568818885626
470,2040,medium_variant,5yearly,15_59,3.88996837733836
470,2040,momentum,5yearly,15_59,5.57009841280361
470,2040,no_change,5yearly,15_59,5.73451910408432
470,2040,zero_migration,5yearly,15_59,3.70228275465183
470,2040,constant_fertility,5yearly,15_64,6.3309955785943
470,2040,constant_mortality,5yearly,15_64,9.51221117767099
470,2040,high_variant,5yearly,15_64,6.37034781946876
470,2040,instant_replacement,5yearly,15_64,6.39552579516055
470,2040,low_variant,5yearly,15_64,6.31173486899813
470,2040,medium_variant,5yearly,15_64,6.34358212367128
470,2040,momentum,5yearly,15_64,9.27797475065443
470,2040,no_change,5yearly,15_64,9.50592885375494
470,2040,zero_migration,5yearly,15_64,6.11548052944562
470,2040,constant_fertility,5yearly,20plus,99.7827412715353
470,2040,constant_mortality,5yearly,20plus,99.562240800474
470,2040,high_variant,5yearly,20plus,99.657508181749
470,2040,instant_replacement,5yearly,20plus,99.66139096028
470,2040,low_variant,5yearly,20plus,99.8207543571946
470,2040,medium_variant,5yearly,20plus,99.7447327313598
470,2040,momentum,5yearly,20plus,99.4499486397826
470,2040,no_change,5yearly,20plus,99.6245059288538
470,2040,zero_migration,5yearly,20plus,99.7621331287167
470,2040,constant_fertility,5yearly,20_64,6.29288001219698
470,2040,constant_mortality,5yearly,20_64,9.4529655717201
470,2040,high_variant,5yearly,20_64,6.31707131440749
470,2040,instant_replacement,5yearly,20_64,6.34226145183382
470,2040,low_variant,5yearly,20_64,6.28122497235041
470,2040,medium_variant,5yearly,20_64,6.30167257210348
470,2040,momentum,5yearly,20_64,9.20176281520262
470,2040,no_change,5yearly,20_64,9.44993412384717
470,2040,zero_migration,5yearly,20_64,6.07711490504508
470,2040,constant_fertility,5yearly,20_69,10.1006250952889
470,2040,constant_mortality,5yearly,20_69,15.2327035744849
470,2040,high_variant,5yearly,20_69,10.1187304969937
470,2040,instant_replacement,5yearly,20_69,10.1430528077918
470,2040,low_variant,5yearly,20_69,10.0911483162351
470,2040,medium_variant,5yearly,20_69,10.1040118870728
470,2040,momentum,5yearly,20_69,14.9275986613208
470,2040,no_change,5yearly,20_69,15.233860342556
470,2040,zero_migration,5yearly,20_69,9.84845578361788
470,2040,constant_fertility,5yearly,25plus,99.7065101387406
470,2040,constant_mortality,5yearly,25plus,99.4404581660193
470,2040,high_variant,5yearly,25plus,99.5585661009209
470,2040,instant_replacement,5yearly,25plus,99.5472530817227
470,2040,low_variant,5yearly,25plus,99.7559208268182
470,2040,medium_variant,5yearly,25plus,99.6609136282242
470,2040,momentum,5yearly,25plus,99.2908976440571
470,2040,no_change,5yearly,25plus,99.5092226613966
470,2040,zero_migration,5yearly,25plus,99.6854018799156
470,2040,constant_fertility,5yearly,25_69,10.0243939624943
470,2040,constant_mortality,5yearly,25_69,15.1109209400303
470,2040,high_variant,5yearly,25_69,10.0197884161656
470,2040,instant_replacement,5yearly,25_69,10.0289149292345
470,2040,low_variant,5yearly,25_69,10.0263147858587
470,2040,medium_variant,5yearly,25_69,10.0201927839372
470,2040,momentum,5yearly,25_69,14.7685476655953
470,2040,no_change,5yearly,25_69,15.1185770750988
470,2040,zero_migration,5yearly,25_69,9.7717245348168
470,2040,constant_fertility,5yearly,40plus,99.3101082482086
470,2040,constant_mortality,5yearly,40plus,98.8611677967217
470,2040,high_variant,5yearly,40plus,99.1513813836669
470,2040,instant_replacement,5yearly,40plus,99.1287475270126
470,2040,low_variant,5yearly,40plus,99.3631059074787
470,2040,medium_variant,5yearly,40plus,99.2608679087134
470,2040,momentum,5yearly,40plus,98.7209649093741
470,2040,no_change,5yearly,40plus,98.9328063241107
470,2040,zero_migration,5yearly,40plus,99.3132553232304
470,2040,constant_fertility,5yearly,50plus,98.4753773441073
470,2040,constant_mortality,5yearly,50plus,97.6729642551511
470,2040,high_variant,5yearly,50plus,98.3179846259228
470,2040,instant_replacement,5yearly,50plus,98.2955410135444
470,2040,low_variant,5yearly,50plus,98.5278974867473
470,2040,medium_variant,5yearly,50plus,98.4264868365909
470,2040,momentum,5yearly,50plus,97.6241757513503
470,2040,no_change,5yearly,50plus,97.7437417654809
470,2040,zero_migration,5yearly,50plus,98.5421062727796
470,2040,constant_fertility,5yearly,60plus,95.9445037353255
470,2040,constant_mortality,5yearly,60plus,93.8779540517412
470,2040,high_variant,5yearly,60plus,95.7911561001598
470,2040,instant_replacement,5yearly,60plus,95.7692893014762
470,2040,low_variant,5yearly,60plus,95.9955760649861
470,2040,medium_variant,5yearly,60plus,95.8966739055892
470,2040,momentum,5yearly,60plus,93.9560621624309
470,2040,no_change,5yearly,60plus,93.9459815546772
470,2040,zero_migration,5yearly,60plus,96.0982159984654
470,2040,constant_fertility,5yearly,65plus,93.4898612593383
470,2040,constant_mortality,5yearly,65plus,90.1092752287539
470,2040,high_variant,5yearly,65plus,93.3404368673415
470,2040,instant_replacement,5yearly,65plus,93.3191295084462
470,2040,low_variant,5yearly,65plus,93.5395293848442
470,2040,medium_variant,5yearly,65plus,93.4430601592563
470,2040,momentum,5yearly,65plus,90.24818582458
470,2040,no_change,5yearly,65plus,90.1745718050066
470,2040,zero_migration,5yearly,65plus,93.6850182236716
470,2040,constant_fertility,5yearly,70plus,89.6821161762464
470,2040,constant_mortality,5yearly,70plus,84.3295372259891
470,2040,high_variant,5yearly,70plus,89.5387776847553
470,2040,instant_replacement,5yearly,70plus,89.5183381524882
470,2040,low_variant,5yearly,70plus,89.7296060409595
470,2040,medium_variant,5yearly,70plus,89.640720844287
470,2040,momentum,5yearly,70plus,84.5223499784619
470,2040,no_change,5yearly,70plus,84.3906455862978
470,2040,zero_migration,5yearly,70plus,89.9136773450988
470,2040,constant_fertility,5yearly,80plus,73.6278396096966
470,2040,constant_mortality,5yearly,80plus,62.237509051412
470,2040,high_variant,5yearly,80plus,73.5101605906081
470,2040,instant_replacement,5yearly,80plus,73.4933800030437
470,2040,low_variant,5yearly,80plus,73.6661454559323
470,2040,medium_variant,5yearly,80plus,73.5931725530537
470,2040,momentum,5yearly,80plus,62.4772192584247
470,2040,no_change,5yearly,80plus,62.2793148880105
470,2040,zero_migration,5yearly,80plus,73.8998657203146
470,2040,constant_fertility,5yearly,90plus,32.6269248361031
470,2040,constant_mortality,5yearly,90plus,20.1402146007504
470,2040,high_variant,5yearly,90plus,32.5747773803181
470,2040,instant_replacement,5yearly,90plus,32.5673413483488
470,2040,low_variant,5yearly,90plus,32.6455894130659
470,2040,medium_variant,5yearly,90plus,32.6094410789805
470,2040,momentum,5yearly,90plus,20.2458663308923
470,2040,no_change,5yearly,90plus,20.1581027667984
470,2040,zero_migration,5yearly,90plus,32.7795894878189
470,2045,constant_fertility,5yearly,"Region, subregion, country or area *",Malta
470,2045,constant_mortality,5yearly,"Region, subregion, country or area *",Malta
470,2045,high_variant,5yearly,"Region, subregion, country or area *",Malta
470,2045,instant_replacement,5yearly,"Region, subregion, country or area *",Malta
470,2045,low_variant,5yearly,"Region, subregion, country or area *",Malta
470,2045,medium_variant,5yearly,"Region, subregion, country or area *",Malta
470,2045,momentum,5yearly,"Region, subregion, country or area *",Malta
470,2045,no_change,5yearly,"Region, subregion, country or area *",Malta
470,2045,zero_migration,5yearly,"Region, subregion, country or area *",Malta
470,2045,constant_fertility,5yearly,0_4,0.145254386300218
470,2045,constant_mortality,5yearly,0_4,0.357608368704255
470,2045,high_variant,5yearly,0_4,0.255588616769665
470,2045,instant_replacement,5yearly,0_4,0.259294566253575
470,2045,low_variant,5yearly,0_4,0.114771031791576
470,2045,medium_variant,5yearly,0_4,0.179540071816029
470,2045,momentum,5yearly,0_4,0.486092357547934
470,2045,no_change,5yearly,0_4,0.284395074946467
470,2045,zero_migration,5yearly,0_4,0.165850271917306
470,2045,constant_fertility,5yearly,0_14,0.164366805550247
470,2045,constant_mortality,5yearly,0_14,0.391029711573811
470,2045,high_variant,5yearly,0_14,0.286106660563058
470,2045,instant_replacement,5yearly,0_14,0.285986653956149
470,2045,low_variant,5yearly,0_14,0.130073836030453
470,2045,medium_variant,5yearly,0_14,0.198640079456032
470,2045,momentum,5yearly,0_14,0.529975695382123
470,2045,no_change,5yearly,0_14,0.311161670235546
470,2045,zero_migration,5yearly,0_14,0.185135187256528
470,2045,constant_fertility,5yearly,0_19,0.194946676350292
470,2045,constant_mortality,5yearly,0_19,0.451188128739013
470,2045,high_variant,5yearly,0_19,0.335698481727321
470,2045,instant_replacement,5yearly,0_19,0.331744518589133
470,2045,low_variant,5yearly,0_19,0.156853743448487
470,2045,medium_variant,5yearly,0_19,0.236840094736038
470,2045,momentum,5yearly,0_19,0.600864164191196
470,2045,no_change,5yearly,0_19,0.36134903640257
470,2045,zero_migration,5yearly,0_19,0.219848034867127
470,2045,constant_fertility,5yearly,0_24,0.263751385650396
470,2045,constant_mortality,5yearly,0_24,0.574847097356372
470,2045,high_variant,5yearly,0_24,0.431067368581674
470,2045,instant_replacement,5yearly,0_24,0.430886558627264
470,2045,low_variant,5yearly,0_24,0.210413558284556
470,2045,medium_variant,5yearly,0_24,0.31324012529605
470,2045,momentum,5yearly,0_24,0.752768025924926
470,2045,no_change,5yearly,0_24,0.471761241970021
470,2045,zero_migration,5yearly,0_24,0.289273730088325
470,2045,constant_fertility,5yearly,5_14,0.0191124192500287
470,2045,constant_mortality,5yearly,5_14,0.0334213428695565
470,2045,high_variant,5yearly,5_14,0.0305180437933928
470,2045,instant_replacement,5yearly,5_14,0.0266920877025739
470,2045,low_variant,5yearly,5_14,0.0153028042388768
470,2045,medium_variant,5yearly,5_14,0.0191000076400031
470,2045,momentum,5yearly,5_14,0.0438833378341885
470,2045,no_change,5yearly,5_14,0.0267665952890792
470,2045,zero_migration,5yearly,5_14,0.0192849153392217
470,2045,constant_fertility,5yearly,15plus,99.8356331944497
470,2045,constant_mortality,5yearly,15plus,99.6089702884262
470,2045,high_variant,5yearly,15plus,99.713893339437
470,2045,instant_replacement,5yearly,15plus,99.7140133460438
470,2045,low_variant,5yearly,15plus,99.8699261639696
470,2045,medium_variant,5yearly,15plus,99.801359920544
470,2045,momentum,5yearly,15plus,99.4700243046179
470,2045,no_change,5yearly,15plus,99.6888383297645
470,2045,zero_migration,5yearly,15plus,99.8148648127435
470,2045,constant_fertility,5yearly,15_24,0.0993845801001491
470,2045,constant_mortality,5yearly,15_24,0.183817385782561
470,2045,high_variant,5yearly,15_24,0.144960708018616
470,2045,instant_replacement,5yearly,15_24,0.144899904671115
470,2045,low_variant,5yearly,15_24,0.0803397222541031
470,2045,medium_variant,5yearly,15_24,0.114600045840018
470,2045,momentum,5yearly,15_24,0.222792330542803
470,2045,no_change,5yearly,15_24,0.160599571734475
470,2045,zero_migration,5yearly,15_24,0.104138542831797
470,2045,constant_fertility,5yearly,15_49,1.15056763885173
470,2045,constant_mortality,5yearly,15_49,1.83483172353865
470,2045,high_variant,5yearly,15_49,1.23598077363241
470,2045,instant_replacement,5yearly,15_49,1.26215443279314
470,2045,low_variant,5yearly,15_49,1.11327900837829
470,2045,medium_variant,5yearly,15_49,1.17656047062419
470,2045,momentum,5yearly,15_49,1.8363489062922
470,2045,no_change,5yearly,15_49,1.80005353319058
470,2045,zero_migration,5yearly,15_49,1.07609827592857
470,2045,constant_fertility,5yearly,15_59,3.38289820725507
470,2045,constant_mortality,5yearly,15_59,5.52120584205073
470,2045,high_variant,5yearly,15_59,3.46379797055009
470,2045,instant_replacement,5yearly,15_59,3.48903717826501
470,2045,low_variant,5yearly,15_59,3.34748842725429
470,2045,medium_variant,5yearly,15_59,3.40744136297655
470,2045,momentum,5yearly,15_59,5.33688900891169
470,2045,no_change,5yearly,15_59,5.49049785867238
470,2045,zero_migration,5yearly,15_59,3.19358198017511
470,2045,constant_fertility,5yearly,15_64,5.69550093650854
470,2045,constant_mortality,5yearly,15_64,9.44152936064971
470,2045,high_variant,5yearly,15_64,5.77172503242542
470,2045,instant_replacement,5yearly,15_64,5.79599618684461
470,2045,low_variant,5yearly,15_64,5.66203756838441
470,2045,medium_variant,5yearly,15_64,5.71854228741691
470,2045,momentum,5yearly,15_64,9.16149068322981
470,2045,no_change,5yearly,15_64,9.41514989293362
470,2045,zero_migration,5yearly,15_64,5.44991707486404
470,2045,constant_fertility,5yearly,20plus,99.8050533236497
470,2045,constant_mortality,5yearly,20plus,99.548811871261
470,2045,high_variant,5yearly,20plus,99.6643015182727
470,2045,instant_replacement,5yearly,20plus,99.6682554814109
470,2045,low_variant,5yearly,20plus,99.8431462565515
470,2045,medium_variant,5yearly,20plus,99.763159905264
470,2045,momentum,5yearly,20plus,99.3991358358088
470,2045,no_change,5yearly,20plus,99.6386509635974
470,2045,zero_migration,5yearly,20plus,99.7801519651329
470,2045,constant_fertility,5yearly,20_64,5.6649210657085
470,2045,constant_mortality,5yearly,20_64,9.38137094348451
470,2045,high_variant,5yearly,20_64,5.72213321126116
470,2045,instant_replacement,5yearly,20_64,5.75023832221163
470,2045,low_variant,5yearly,20_64,5.63525766096637
470,2045,medium_variant,5yearly,20_64,5.68034227213691
470,2045,momentum,5yearly,20_64,9.09060221442074
470,2045,no_change,5yearly,20_64,9.3649625267666
470,2045,zero_migration,5yearly,20_64,5.41520422725344
470,2045,constant_fertility,5yearly,20_69,9.45300256106418
470,2045,constant_mortality,5yearly,20_69,15.7180575515524
470,2045,high_variant,5yearly,20_69,9.5025558861677
470,2045,instant_replacement,5yearly,20_69,9.52907530981888
470,2045,low_variant,5yearly,20_69,9.42652741114809
470,2045,medium_variant,5yearly,20_69,9.46596378638552
470,2045,momentum,5yearly,20_69,15.3422900351067
470,2045,no_change,5yearly,20_69,15.7086456102784
470,2045,zero_migration,5yearly,20_69,9.14876383692676
470,2045,constant_fertility,5yearly,25plus,99.7362486143496
470,2045,constant_mortality,5yearly,25plus,99.4251529026436
470,2045,high_variant,5yearly,25plus,99.5689326314183
470,2045,instant_replacement,5yearly,25plus,99.5691134413727
470,2045,low_variant,5yearly,25plus,99.7895864417155
470,2045,medium_variant,5yearly,25plus,99.6867598747039
470,2045,momentum,5yearly,25plus,99.2472319740751
470,2045,no_change,5yearly,25plus,99.52823875803
470,2045,zero_migration,5yearly,25plus,99.7107262699117
470,2045,constant_fertility,5yearly,25_69,9.38419785176407
470,2045,constant_mortality,5yearly,25_69,15.5943985829351
470,2045,high_variant,5yearly,25_69,9.40718699931334
470,2045,instant_replacement,5yearly,25_69,9.42993326978074
470,2045,low_variant,5yearly,25_69,9.37296759631202
470,2045,medium_variant,5yearly,25_69,9.3895637558255
470,2045,momentum,5yearly,25_69,15.1903861733729
470,2045,no_change,5yearly,25_69,15.5982334047109
470,2045,zero_migration,5yearly,25_69,9.07933814170556
470,2045,constant_fertility,5yearly,40plus,99.365467680899
470,2045,constant_mortality,5yearly,40plus,98.8269108652786
470,2045,high_variant,5yearly,40plus,99.1569390402075
470,2045,instant_replacement,5yearly,40plus,99.1306005719733
470,2045,low_variant,5yearly,40plus,99.4376219442213
470,2045,medium_variant,5yearly,40plus,99.3047597219039
470,2045,momentum,5yearly,40plus,98.5923575479341
470,2045,no_change,5yearly,40plus,98.9427194860814
470,2045,zero_migration,5yearly,40plus,99.3597408107379
470,2045,constant_fertility,5yearly,50plus,98.685065555598
470,2045,constant_mortality,5yearly,50plus,97.7741385648875
470,2045,high_variant,5yearly,50plus,98.4779125658045
470,2045,instant_replacement,5yearly,50plus,98.4518589132507
470,2045,low_variant,5yearly,50plus,98.7566471555913
470,2045,medium_variant,5yearly,50plus,98.6247994499198
470,2045,momentum,5yearly,50plus,97.6336753983257
470,2045,no_change,5yearly,50plus,97.8887847965739
470,2045,zero_migration,5yearly,50plus,98.7387665368149
470,2045,constant_fertility,5yearly,60plus,96.4527349871947
470,2045,constant_mortality,5yearly,60plus,94.0877644463755
470,2045,high_variant,5yearly,60plus,96.2500953688869
470,2045,instant_replacement,5yearly,60plus,96.2249761677788
470,2045,low_variant,5yearly,60plus,96.5224377367153
470,2045,medium_variant,5yearly,60plus,96.3939185575674
470,2045,momentum,5yearly,60plus,94.1331352957062
470,2045,no_change,5yearly,60plus,94.1983404710921
470,2045,zero_migration,5yearly,60plus,96.6212828325684
470,2045,constant_fertility,5yearly,65plus,94.1401322579412
470,2045,constant_mortality,5yearly,65plus,90.1674409277765
470,2045,high_variant,5yearly,65plus,93.9421683070115
470,2045,instant_replacement,5yearly,65plus,93.9180171591992
470,2045,low_variant,5yearly,65plus,94.2078885955851
470,2045,medium_variant,5yearly,65plus,94.082817633127
470,2045,momentum,5yearly,65plus,90.3085336213881
470,2045,no_change,5yearly,65plus,90.2736884368308
470,2045,zero_migration,5yearly,65plus,94.3649477378794
470,2045,constant_fertility,5yearly,70plus,90.3520507625855
470,2045,constant_mortality,5yearly,70plus,83.8307543197086
470,2045,high_variant,5yearly,70plus,90.161745632105
470,2045,instant_replacement,5yearly,70plus,90.139180171592
470,2045,low_variant,5yearly,70plus,90.4166188454034
470,2045,medium_variant,5yearly,70plus,90.2971961188784
470,2045,momentum,5yearly,70plus,84.0568458007021
470,2045,no_change,5yearly,70plus,83.930005353319
470,2045,zero_migration,5yearly,70plus,90.6313881282061
470,2045,constant_fertility,5yearly,80plus,74.9283284278124
470,2045,constant_mortality,5yearly,80plus,60.7165535911233
470,2045,high_variant,5yearly,80plus,74.7692072938125
470,2045,instant_replacement,5yearly,80plus,74.7530981887512
470,2045,low_variant,5yearly,80plus,74.9799150694365
470,2045,medium_variant,5yearly,80plus,74.883489953396
470,2045,momentum,5yearly,80plus,61.0315960032406
470,2045,no_change,5yearly,80plus,60.7869379014989
470,2045,zero_migration,5yearly,80plus,75.2844525012535
470,2045,constant_fertility,5yearly,90plus,36.5735254768549
470,2045,constant_mortality,5yearly,90plus,20.3736506132816
470,2045,high_variant,5yearly,90plus,36.4995803768978
470,2045,instant_replacement,5yearly,90plus,36.4842707340324
470,2045,low_variant,5yearly,90plus,36.6004820383335
470,2045,medium_variant,5yearly,90plus,36.5497746199098
470,2045,momentum,5yearly,90plus,20.5272751822846
470,2045,no_change,5yearly,90plus,20.3961456102784
470,2045,zero_migration,5yearly,90plus,36.8110463995063
470,2050,constant_fertility,5yearly,"Region, subregion, country or area *",Malta
470,2050,constant_mortality,5yearly,"Region, subregion, country or area *",Malta
470,2050,high_variant,5yearly,"Region, subregion, country or area *",Malta
470,2050,instant_replacement,5yearly,"Region, subregion, country or area *",Malta
470,2050,low_variant,5yearly,"Region, subregion, country or area *",Malta
470,2050,medium_variant,5yearly,"Region, subregion, country or area *",Malta
470,2050,momentum,5yearly,"Region, subregion, country or area *",Malta
470,2050,no_change,5yearly,"Region, subregion, country or area *",Malta
470,2050,zero_migration,5yearly,"Region, subregion, country or area *",Malta
470,2050,constant_fertility,5yearly,0_4,0.131721679838835
470,2050,constant_mortality,5yearly,0_4,0.366797989403614
470,2050,high_variant,5yearly,0_4,0.262730855420756
470,2050,instant_replacement,5yearly,0_4,0.266491580410938
470,2050,low_variant,5yearly,0_4,0.100829907701854
470,2050,medium_variant,5yearly,0_4,0.174209283419148
470,2050,momentum,5yearly,0_4,0.534188034188034
470,2050,no_change,5yearly,0_4,0.275538320236759
470,2050,zero_migration,5yearly,0_4,0.156875049023453
470,2050,constant_fertility,5yearly,0_14,0.151092515109252
470,2050,constant_mortality,5yearly,0_14,0.400760766200245
470,2050,high_variant,5yearly,0_14,0.289776678772892
470,2050,instant_replacement,5yearly,0_14,0.293526958133787
470,2050,low_variant,5yearly,0_14,0.112464127821298
470,2050,medium_variant,5yearly,0_14,0.193565870465719
470,2050,momentum,5yearly,0_14,0.57554452715743
470,2050,no_change,5yearly,0_14,0.30275198149471
470,2050,zero_migration,5yearly,0_14,0.176484430151384
470,2050,constant_fertility,5yearly,0_19,0.178211684487835
470,2050,constant_mortality,5yearly,0_19,0.455101209074854
470,2050,high_variant,5yearly,0_19,0.33227725832625
470,2050,instant_replacement,5yearly,0_19,0.336011123126835
470,2050,low_variant,5yearly,0_19,0.135732568060188
470,2050,medium_variant,5yearly,0_19,0.228407727149549
470,2050,momentum,5yearly,0_19,0.641025641025641
470,2050,no_change,5yearly,0_19,0.350375888696126
470,2050,zero_migration,5yearly,0_19,0.207859439956075
470,2050,constant_fertility,5yearly,0_24,0.240198357353169
470,2050,constant_mortality,5yearly,0_24,0.570574650183399
470,2050,high_variant,5yearly,0_24,0.42114210648327
470,2050,instant_replacement,5yearly,0_24,0.424841649930481
470,2050,low_variant,5yearly,0_24,0.182269448537966
470,2050,medium_variant,5yearly,0_24,0.298091440517208
470,2050,momentum,5yearly,0_24,0.782326992004411
470,2050,no_change,5yearly,0_24,0.452427118413444
470,2050,zero_migration,5yearly,0_24,0.270609459565456
470,2050,constant_fertility,5yearly,5_14,0.0193708352704169
470,2050,constant_mortality,5yearly,5_14,0.0339627767966309
470,2050,high_variant,5yearly,5_14,0.0270458233521366
470,2050,instant_replacement,5yearly,5_14,0.0270353777228488
470,2050,low_variant,5yearly,5_14,0.0116342201194447
470,2050,medium_variant,5yearly,5_14,0.0193565870465719
470,2050,momentum,5yearly,5_14,0.0413564929693962
470,2050,no_change,5yearly,5_14,0.0272136612579515
470,2050,zero_migration,5yearly,5_14,0.0196093811279316
470,2050,constant_fertility,5yearly,15plus,99.8489074848907
470,2050,constant_mortality,5yearly,15plus,99.5992392337998
470,2050,high_variant,5yearly,15plus,99.7102233212271
470,2050,instant_replacement,5yearly,15plus,99.7064730418662
470,2050,low_variant,5yearly,15plus,99.8875358721787
470,2050,medium_variant,5yearly,15plus,99.8064341295343
470,2050,momentum,5yearly,15plus,99.4244554728426
470,2050,no_change,5yearly,15plus,99.6972480185053
470,2050,zero_migration,5yearly,15plus,99.8235155698486
470,2050,constant_fertility,5yearly,15_24,0.0891058422439175
470,2050,constant_mortality,5yearly,15_24,0.169813883983154
470,2050,high_variant,5yearly,15_24,0.131365427710378
470,2050,instant_replacement,5yearly,15_24,0.131314691796694
470,2050,low_variant,5yearly,15_24,0.069805320716668
470,2050,medium_variant,5yearly,15_24,0.104525570051489
470,2050,momentum,5yearly,15_24,0.206782464846981
470,2050,no_change,5yearly,15_24,0.149675136918733
470,2050,zero_migration,5yearly,15_24,0.0941250294140717
470,2050,constant_fertility,5yearly,15_49,1.04989927165659
470,2050,constant_mortality,5yearly,15_49,1.78644205950279
470,2050,high_variant,5yearly,15_49,1.16683409319218
470,2050,instant_replacement,5yearly,15_49,1.20500540707554
470,2050,low_variant,5yearly,15_49,0.988908710152796
470,2050,medium_variant,5yearly,15_49,1.08009755719871
470,2050,momentum,5yearly,15_49,1.86104218362283
470,2050,no_change,5yearly,15_49,1.73487090519441
470,2050,zero_migration,5yearly,15_49,0.992234685073339
470,2050,constant_fertility,5yearly,15_59,2.92112195877886
470,2050,constant_mortality,5yearly,15_59,5.10120907485396
470,2050,high_variant,5yearly,15_59,3.03299590448961
470,2050,instant_replacement,5yearly,15_59,3.07044646995211
470,2050,low_variant,5yearly,15_59,2.86201814938339
470,2050,medium_variant,5yearly,15_59,2.94994386589757
470,2050,momentum,5yearly,15_59,4.94210090984285
470,2050,no_change,5yearly,15_59,5.05493757866449
470,2050,zero_migration,5yearly,15_59,2.72178210055691
470,2050,constant_fertility,5yearly,15_64,5.05191383852472
470,2050,constant_mortality,5yearly,15_64,9.00013585110719
470,2050,high_variant,5yearly,15_64,5.15802488215748
470,2050,instant_replacement,5yearly,15_64,5.19465471960451
470,2050,low_variant,5yearly,15_64,4.99495850461491
470,2050,medium_variant,5yearly,15_64,5.07916844102048
470,2050,momentum,5yearly,15_64,8.69520264681555
470,2050,no_change,5yearly,15_64,8.96009796918053
470,2050,zero_migration,5yearly,15_64,4.76900149031297
470,2050,constant_fertility,5yearly,20plus,99.8217883155122
470,2050,constant_mortality,5yearly,20plus,99.5448987909251
470,2050,high_variant,5yearly,20plus,99.6677227416737
470,2050,instant_replacement,5yearly,20plus,99.6639888768732
470,2050,low_variant,5yearly,20plus,99.8642674319398
470,2050,medium_variant,5yearly,20plus,99.7715922728505
470,2050,momentum,5yearly,20plus,99.3589743589744
470,2050,no_change,5yearly,20plus,99.6496241113039
470,2050,zero_migration,5yearly,20plus,99.7921405600439
470,2050,constant_fertility,5yearly,20_64,5.02479466914613
470,2050,constant_mortality,5yearly,20_64,8.94579540823258
470,2050,high_variant,5yearly,20_64,5.11552430260413
470,2050,instant_replacement,5yearly,20_64,5.15217055461146
470,2050,low_variant,5yearly,20_64,4.97169006437602
470,2050,medium_variant,5yearly,20_64,5.04432658433665
470,2050,momentum,5yearly,20_64,8.62972153294734
470,2050,no_change,5yearly,20_64,8.91247406197911
470,2050,zero_migration,5yearly,20_64,4.73762648050827
470,2050,constant_fertility,5yearly,20_69,8.6665116999845
470,2050,constant_mortality,5yearly,20_69,15.4972150523027
470,2050,high_variant,5yearly,20_69,8.74739200989104
470,2050,instant_replacement,5yearly,20_69,8.7826355631083
470,2050,low_variant,5yearly,20_69,8.61707903513534
470,2050,medium_variant,5yearly,20_69,8.68336494909217
470,2050,momentum,5yearly,20_69,15.0503170664461
470,2050,no_change,5yearly,20_69,15.4743681328027
470,2050,zero_migration,5yearly,20_69,8.29476821711507
470,2050,constant_fertility,5yearly,25plus,99.7598016426468
470,2050,constant_mortality,5yearly,25plus,99.4294253498166
470,2050,high_variant,5yearly,25plus,99.5788578935167
470,2050,instant_replacement,5yearly,25plus,99.5751583500695
470,2050,low_variant,5yearly,25plus,99.817730551462
470,2050,medium_variant,5yearly,25plus,99.7019085594828
470,2050,momentum,5yearly,25plus,99.2176730079956
470,2050,no_change,5yearly,25plus,99.5475728815866
470,2050,zero_migration,5yearly,25plus,99.7293905404345
470,2050,constant_fertility,5yearly,25_69,8.60452502711917
470,2050,constant_mortality,5yearly,25_69,15.3817416111941
470,2050,high_variant,5yearly,25_69,8.65852716173402
470,2050,instant_replacement,5yearly,25_69,8.69380503630465
470,2050,low_variant,5yearly,25_69,8.57054215465757
470,2050,medium_variant,5yearly,25_69,8.61368123572452
470,2050,momentum,5yearly,25_69,14.9090157154673
470,2050,no_change,5yearly,25_69,15.3723169030854
470,2050,zero_migration,5yearly,25_69,8.23201819750569
470,2050,constant_fertility,5yearly,40plus,99.4111266077793
470,2050,constant_mortality,5yearly,40plus,98.8214916451569
470,2050,high_variant,5yearly,40plus,99.1538520979832
470,2050,instant_replacement,5yearly,40plus,99.1116947319636
470,2050,low_variant,5yearly,40plus,99.5113627549833
470,2050,medium_variant,5yearly,40plus,99.3380047230073
470,2050,momentum,5yearly,40plus,98.490488006617
470,2050,no_change,5yearly,40plus,98.9726842875123
470,2050,zero_migration,5yearly,40plus,99.3921091850341
470,2050,constant_fertility,5yearly,50plus,98.7990082132342
470,2050,constant_mortality,5yearly,50plus,97.812797174297
470,2050,high_variant,5yearly,50plus,98.5433892280349
470,2050,instant_replacement,5yearly,50plus,98.5014676347907
470,2050,low_variant,5yearly,50plus,98.8986271620259
470,2050,medium_variant,5yearly,50plus,98.7263365723356
470,2050,momentum,5yearly,50plus,97.5634132892197
470,2050,no_change,5yearly,50plus,97.9623771133109
470,2050,zero_migration,5yearly,50plus,98.8312808847753
470,2050,constant_fertility,5yearly,60plus,96.9277855261119
470,2050,constant_mortality,5yearly,60plus,94.4980301589458
470,2050,high_variant,5yearly,60plus,96.6772274167375
470,2050,instant_replacement,5yearly,60plus,96.6360265719141
470,2050,low_variant,5yearly,60plus,97.0255177227953
470,2050,medium_variant,5yearly,60plus,96.8564902636367
470,2050,momentum,5yearly,60plus,94.4823545629997
470,2050,no_change,5yearly,60plus,94.6423104398408
470,2050,zero_migration,5yearly,60plus,97.1017334692917
470,2050,constant_fertility,5yearly,65plus,94.796993646366
470,2050,constant_mortality,5yearly,65plus,90.5991033826926
470,2050,high_variant,5yearly,65plus,94.5521984390696
470,2050,instant_replacement,5yearly,65plus,94.5118183222617
470,2050,low_variant,5yearly,65plus,94.8925773675638
470,2050,medium_variant,5yearly,65plus,94.7272656885138
470,2050,momentum,5yearly,65plus,90.729252826027
470,2050,no_change,5yearly,65plus,90.7371500493248
470,2050,zero_migration,5yearly,65plus,95.0545140795356
470,2050,constant_fertility,5yearly,70plus,91.1552766155277
470,2050,constant_mortality,5yearly,70plus,84.0476837386225
470,2050,high_variant,5yearly,70plus,90.9203307317827
470,2050,instant_replacement,5yearly,70plus,90.8813533137649
470,2050,low_variant,5yearly,70plus,91.2471883968045
470,2050,medium_variant,5yearly,70plus,91.0882273237583
470,2050,momentum,5yearly,70plus,84.3086572925283
470,2050,no_change,5yearly,70plus,84.1752559785012
470,2050,zero_migration,5yearly,70plus,91.4973723429289
470,2050,constant_fertility,5yearly,80plus,75.0116225011622
470,2050,constant_mortality,5yearly,80plus,58.3310691482136
470,2050,high_variant,5yearly,80plus,74.8203384591608
470,2050,instant_replacement,5yearly,80plus,74.7875791750348
470,2050,low_variant,5yearly,80plus,75.091134724269
470,2050,medium_variant,5yearly,80plus,74.9564476791452
470,2050,momentum,5yearly,80plus,58.7158808933002
470,2050,no_change,5yearly,80plus,58.4175255978501
470,2050,zero_migration,5yearly,80plus,75.464742332732
470,2050,constant_fertility,5yearly,90plus,39.5629939562994
470,2050,constant_mortality,5yearly,90plus,20.1874745279174
470,2050,high_variant,5yearly,90plus,39.4675836488679
470,2050,instant_replacement,5yearly,90plus,39.4484782944539
470,2050,low_variant,5yearly,90plus,39.6106414333359
470,2050,medium_variant,5yearly,90plus,39.5377647013279
470,2050,momentum,5yearly,90plus,20.4025365315688
470,2050,no_change,5yearly,90plus,20.2163486070007
470,2050,zero_migration,5yearly,90plus,39.9168562240176
470,2055,constant_fertility,5yearly,"Region, subregion, country or area *",Malta
470,2055,constant_mortality,5yearly,"Region, subregion, country or area *",Malta
470,2055,high_variant,5yearly,"Region, subregion, country or area *",Malta
470,2055,instant_replacement,5yearly,"Region, subregion, country or area *",Malta
470,2055,low_variant,5yearly,"Region, subregion, country or area *",Malta
470,2055,medium_variant,5yearly,"Region, subregion, country or area *",Malta
470,2055,momentum,5yearly,"Region, subregion, country or area *",Malta
470,2055,no_change,5yearly,"Region, subregion, country or area *",Malta
470,2055,zero_migration,5yearly,"Region, subregion, country or area *",Malta
470,2055,constant_fertility,5yearly,0_4,0.11708687846382
470,2055,constant_mortality,5yearly,0_4,0.362343379613952
470,2055,high_variant,5yearly,0_4,0.256719436773114
470,2055,instant_replacement,5yearly,0_4,0.252741270705343
470,2055,low_variant,5yearly,0_4,0.0859610049622944
470,2055,medium_variant,5yearly,0_4,0.159875219341002
470,2055,momentum,5yearly,0_4,0.52886277220878
470,2055,no_change,5yearly,0_4,0.257871878393051
470,2055,zero_migration,5yearly,0_4,0.146918678526048
470,2055,constant_fertility,5yearly,0_14,0.13660135820779
470,2055,constant_mortality,5yearly,0_14,0.396207246867592
470,2055,high_variant,5yearly,0_14,0.283947255824808
470,2055,instant_replacement,5yearly,0_14,0.279959561396687
470,2055,low_variant,5yearly,0_14,0.0976829601844254
470,2055,medium_variant,5yearly,0_14,0.179372197309417
470,2055,momentum,5yearly,0_14,0.577255444175596
470,2055,no_change,5yearly,0_14,0.285016286644951
470,2055,zero_migration,5yearly,0_14,0.166772554002541
470,2055,constant_fertility,5yearly,0_19,0.163921629849348
470,2055,constant_mortality,5yearly,0_19,0.450389434473417
470,2055,high_variant,5yearly,0_19,0.326733828620328
470,2055,instant_replacement,5yearly,0_19,0.322731161054514
470,2055,low_variant,5yearly,0_19,0.121126870628688
470,2055,medium_variant,5yearly,0_19,0.210567362058881
470,2055,momentum,5yearly,0_19,0.642931213273419
470,2055,no_change,5yearly,0_19,0.329125950054289
470,2055,zero_migration,5yearly,0_19,0.194567979669632
470,2055,constant_fertility,5yearly,0_24,0.218562173132464
470,2055,constant_mortality,5yearly,0_24,0.558753809685066
470,2055,high_variant,5yearly,0_24,0.408417285775409
470,2055,instant_replacement,5yearly,0_24,0.404386033128548
470,2055,low_variant,5yearly,0_24,0.164107373109835
470,2055,medium_variant,5yearly,0_24,0.272957691557809
470,2055,momentum,5yearly,0_24,0.770826132042862
470,2055,no_change,5yearly,0_24,0.424131378935939
470,2055,zero_migration,5yearly,0_24,0.250158831003812
470,2055,constant_fertility,5yearly,5_14,0.01951447974397
470,2055,constant_mortality,5yearly,5_14,0.0338638672536404
470,2055,high_variant,5yearly,5_14,0.027227819051694
470,2055,instant_replacement,5yearly,5_14,0.0272182906913446
470,2055,low_variant,5yearly,5_14,0.0117219552221311
470,2055,medium_variant,5yearly,5_14,0.0194969779684149
470,2055,momentum,5yearly,5_14,0.0483926719668165
470,2055,no_change,5yearly,5_14,0.0271444082519001
470,2055,zero_migration,5yearly,5_14,0.019853875476493
470,2055,constant_fertility,5yearly,15plus,99.8633986417922
470,2055,constant_mortality,5yearly,15plus,99.6037927531324
470,2055,high_variant,5yearly,15plus,99.7160527441752
470,2055,instant_replacement,5yearly,15plus,99.7200404386033
470,2055,low_variant,5yearly,15plus,99.9023170398156
470,2055,medium_variant,5yearly,15plus,99.8206278026906
470,2055,momentum,5yearly,15plus,99.4227445558244
470,2055,no_change,5yearly,15plus,99.7149837133551
470,2055,zero_migration,5yearly,15plus,99.8332274459975
470,2055,constant_fertility,5yearly,15_24,0.0819608149246741
470,2055,constant_mortality,5yearly,15_24,0.162546562817474
470,2055,high_variant,5yearly,15_24,0.124470029950601
470,2055,instant_replacement,5yearly,15_24,0.124426471731861
470,2055,low_variant,5yearly,15_24,0.0664244129254093
470,2055,medium_variant,5yearly,15_24,0.0935854942483915
470,2055,momentum,5yearly,15_24,0.193570687867266
470,2055,no_change,5yearly,15_24,0.139115092290988
470,2055,zero_migration,5yearly,15_24,0.0833862770012706
470,2055,constant_fertility,5yearly,15_49,0.979626883147295
470,2055,constant_mortality,5yearly,15_49,1.77785303081612
470,2055,high_variant,5yearly,15_49,1.15523746547902
470,2055,instant_replacement,5yearly,15_49,1.20926977214402
470,2055,low_variant,5yearly,15_49,0.898683233696714
470,2055,medium_variant,5yearly,15_49,1.03333983232599
470,2055,momentum,5yearly,15_49,1.94953335637746
470,2055,no_change,5yearly,15_49,1.69313246471227
470,2055,zero_migration,5yearly,15_49,0.945044472681067
470,2055,constant_fertility,5yearly,15_59,2.51346499102334
470,2055,constant_mortality,5yearly,15_59,4.66305452082628
470,2055,high_variant,5yearly,15_59,2.68388502080983
470,2055,instant_replacement,5yearly,15_59,2.73738237810094
470,2055,low_variant,5yearly,15_59,2.43425936779588
470,2055,medium_variant,5yearly,15_59,2.5658023006434
470,2055,momentum,5yearly,15_59,4.59384721742136
470,2055,no_change,5yearly,15_59,4.58401194353963
470,2055,zero_migration,5yearly,15_59,2.34275730622618
470,2055,constant_fertility,5yearly,15_64,4.32050581531496
470,2055,constant_mortality,5yearly,15_64,8.18828310193024
470,2055,high_variant,5yearly,15_64,4.48481076665759
470,2055,instant_replacement,5yearly,15_64,4.5376778909713
470,2055,low_variant,5yearly,15_64,4.24334779041144
470,2055,medium_variant,5yearly,15_64,4.37122246051862
470,2055,momentum,5yearly,15_64,7.91911510542689
470,2055,no_change,5yearly,15_64,8.11617806731813
470,2055,zero_migration,5yearly,15_64,4.04224904701398
470,2055,constant_fertility,5yearly,20plus,99.8360783701507
470,2055,constant_mortality,5yearly,20plus,99.5496105655266
470,2055,high_variant,5yearly,20plus,99.6732661713797
470,2055,instant_replacement,5yearly,20plus,99.6772688389455
470,2055,low_variant,5yearly,20plus,99.8788731293713
470,2055,medium_variant,5yearly,20plus,99.7894326379411
470,2055,momentum,5yearly,20plus,99.3570687867266
470,2055,no_change,5yearly,20plus,99.6708740499457
470,2055,zero_migration,5yearly,20plus,99.8054320203304
470,2055,constant_fertility,5yearly,20_64,4.29318554367341
470,2055,constant_mortality,5yearly,20_64,8.13410091432441
470,2055,high_variant,5yearly,20_64,4.44202419386207
470,2055,instant_replacement,5yearly,20_64,4.49490629131348
470,2055,low_variant,5yearly,20_64,4.21990387996718
470,2055,medium_variant,5yearly,20_64,4.34002729576916
470,2055,momentum,5yearly,20_64,7.85343933632907
470,2055,no_change,5yearly,20_64,8.07206840390879
470,2055,zero_migration,5yearly,20_64,4.01445362134689
470,2055,constant_fertility,5yearly,20_69,7.63406447584108
470,2055,constant_mortality,5yearly,20_69,14.5343718252624
470,2055,high_variant,5yearly,20_69,7.77159749504065
470,2055,instant_replacement,5yearly,20_69,7.82331441014076
470,2055,low_variant,5yearly,20_69,7.56456843668191
470,2055,medium_variant,5yearly,20_69,7.67790992396179
470,2055,momentum,5yearly,20_69,14.054614586934
470,2055,no_change,5yearly,20_69,14.4849348534202
470,2055,zero_migration,5yearly,20_69,7.23872299872935
470,2055,constant_fertility,5yearly,25plus,99.7814378268675
470,2055,constant_mortality,5yearly,25plus,99.4412461903149
470,2055,high_variant,5yearly,25plus,99.5915827142246
470,2055,instant_replacement,5yearly,25plus,99.5956139668714
470,2055,low_variant,5yearly,25plus,99.8358926268902
470,2055,medium_variant,5yearly,25plus,99.7270423084422
470,2055,momentum,5yearly,25plus,99.2291738679571
470,2055,no_change,5yearly,25plus,99.5758686210641
470,2055,zero_migration,5yearly,25plus,99.7498411689962
470,2055,constant_fertility,5yearly,25_69,7.57942393255796
470,2055,constant_mortality,5yearly,25_69,14.4260074500508
470,2055,high_variant,5yearly,25_69,7.68991403788557
470,2055,instant_replacement,5yearly,25_69,7.74165953806672
470,2055,low_variant,5yearly,25_69,7.52158793420076
470,2055,medium_variant,5yearly,25_69,7.61551959446286
470,2055,momentum,5yearly,25_69,13.9267196681645
470,2055,no_change,5yearly,25_69,14.3899294245385
470,2055,zero_migration,5yearly,25_69,7.18313214739517
470,2055,constant_fertility,5yearly,40plus,99.469206150964
470,2055,constant_mortality,5yearly,40plus,98.8486285133762
470,2055,high_variant,5yearly,40plus,99.1676066747054
470,2055,instant_replacement,5yearly,40plus,99.1406796796018
470,2055,low_variant,5yearly,40plus,99.5780096120033
470,2055,medium_variant,5yearly,40plus,99.3799961006044
470,2055,momentum,5yearly,40plus,98.4929139301763
470,2055,no_change,5yearly,40plus,99.039766558089
470,2055,zero_migration,5yearly,40plus,99.4361499364676
470,2055,constant_fertility,5yearly,50plus,98.8837717586449
470,2055,constant_mortality,5yearly,50plus,97.8259397223163
470,2055,high_variant,5yearly,50plus,98.5608152786962
470,2055,instant_replacement,5yearly,50plus,98.5107706664593
470,2055,low_variant,5yearly,50plus,99.0036338061189
470,2055,medium_variant,5yearly,50plus,98.7872879703646
470,2055,momentum,5yearly,50plus,97.4732111994469
470,2055,no_change,5yearly,50plus,98.0218512486428
470,2055,zero_migration,5yearly,50plus,98.8881829733164
470,2055,constant_fertility,5yearly,60plus,97.3499336507689
470,2055,constant_mortality,5yearly,60plus,94.9407382323061
470,2055,high_variant,5yearly,60plus,97.0321677233654
470,2055,instant_replacement,5yearly,60plus,96.9826580605024
470,2055,low_variant,5yearly,60plus,97.4680576720197
470,2055,medium_variant,5yearly,60plus,97.2548255020472
470,2055,momentum,5yearly,60plus,94.8288973384031
470,2055,no_change,5yearly,60plus,95.1309717698154
470,2055,zero_migration,5yearly,60plus,97.4904701397713
470,2055,constant_fertility,5yearly,65plus,95.5428928264772
470,2055,constant_mortality,5yearly,65plus,91.4155096512021
470,2055,high_variant,5yearly,65plus,95.2312419775176
470,2055,instant_replacement,5yearly,65plus,95.182362547632
470,2055,low_variant,5yearly,65plus,95.6589692494042
470,2055,medium_variant,5yearly,65plus,95.449405342172
470,2055,momentum,5yearly,65plus,91.5036294503975
470,2055,no_change,5yearly,65plus,91.5988056460369
470,2055,zero_migration,5yearly,65plus,95.7909783989835
470,2055,constant_fertility,5yearly,70plus,92.2020138943096
470,2055,constant_mortality,5yearly,70plus,85.0152387402641
470,2055,high_variant,5yearly,70plus,91.901668676339
470,2055,instant_replacement,5yearly,70plus,91.8539544288047
470,2055,low_variant,5yearly,70plus,92.3143046926894
470,2055,medium_variant,5yearly,70plus,92.1115227139793
470,2055,momentum,5yearly,70plus,85.3024541997926
470,2055,no_change,5yearly,70plus,85.1859391965255
470,2055,zero_migration,5yearly,70plus,92.566709021601
470,2055,constant_fertility,5yearly,80plus,76.0986652095855
470,2055,constant_mortality,5yearly,80plus,58.056214019641
470,2055,high_variant,5yearly,80plus,75.8528141895834
470,2055,instant_replacement,5yearly,80plus,75.8146045571195
470,2055,low_variant,5yearly,80plus,76.1927089438518
470,2055,medium_variant,5yearly,80plus,76.026515890037
470,2055,momentum,5yearly,80plus,58.5482198409955
470,2055,no_change,5yearly,80plus,58.1738599348534
470,2055,zero_migration,5yearly,80plus,76.6399301143583
470,2055,constant_fertility,5yearly,90plus,40.0671298103193
470,2055,constant_mortality,5yearly,90plus,18.2864883169658
470,2055,high_variant,5yearly,90plus,39.943210548835
470,2055,instant_replacement,5yearly,90plus,39.9175674624776
470,2055,low_variant,5yearly,90plus,40.1203454069472
470,2055,medium_variant,5yearly,90plus,40.0311951647495
470,2055,momentum,5yearly,90plus,18.5378499827169
470,2055,no_change,5yearly,90plus,18.3224755700326
470,2055,zero_migration,5yearly,90plus,40.5098475222363
470,2060,constant_fertility,5yearly,"Region, subregion, country or area *",Malta
470,2060,constant_mortality,5yearly,"Region, subregion, country or area *",Malta
470,2060,high_variant,5yearly,"Region, subregion, country or area *",Malta
470,2060,instant_replacement,5yearly,"Region, subregion, country or area *",Malta
470,2060,low_variant,5yearly,"Region, subregion, country or area *",Malta
470,2060,medium_variant,5yearly,"Region, subregion, country or area *",Malta
470,2060,momentum,5yearly,"Region, subregion, country or area *",Malta
470,2060,no_change,5yearly,"Region, subregion, country or area *",Malta
470,2060,zero_migration,5yearly,"Region, subregion, country or area *",Malta
470,2060,constant_fertility,5yearly,0_4,0.100611407785775
470,2060,constant_mortality,5yearly,0_4,0.343367670100343
470,2060,high_variant,5yearly,0_4,0.238930209256619
470,2060,instant_replacement,5yearly,0_4,0.223394831105804
470,2060,low_variant,5yearly,0_4,0.0736234355019956
470,2060,medium_variant,5yearly,0_4,0.146859903381643
470,2060,momentum,5yearly,0_4,0.490112074579292
470,2060,no_change,5yearly,0_4,0.237259816207185
470,2060,zero_migration,5yearly,0_4,0.130625816411353
470,2060,constant_fertility,5yearly,0_14,0.112220416376441
470,2060,constant_mortality,5yearly,0_14,0.376704337100377
470,2060,high_variant,5yearly,0_14,0.265906200624302
470,2060,instant_replacement,5yearly,0_14,0.254207911258329
470,2060,low_variant,5yearly,0_14,0.0852481884759949
470,2060,medium_variant,5yearly,0_14,0.166183574879227
470,2060,momentum,5yearly,0_14,0.541522432052644
470,2060,no_change,5yearly,0_14,0.263993316624896
470,2060,zero_migration,5yearly,0_14,0.150417606776709
470,2060,constant_fertility,5yearly,0_19,0.135438433557774
470,2060,constant_mortality,5yearly,0_19,0.43004300430043
470,2060,high_variant,5yearly,0_19,0.308297044202089
470,2060,instant_replacement,5yearly,0_19,0.296575896468051
470,2060,low_variant,5yearly,0_19,0.104622776765994
470,2060,medium_variant,5yearly,0_19,0.197101449275362
470,2060,momentum,5yearly,0_19,0.610069575350447
470,2060,no_change,5yearly,0_19,0.307435254803676
470,2060,zero_migration,5yearly,0_19,0.178126113288208
470,2060,constant_fertility,5yearly,0_24,0.185744137450662
470,2060,constant_mortality,5yearly,0_24,0.533386672000533
470,2060,high_variant,5yearly,0_24,0.385371305252611
470,2060,instant_replacement,5yearly,0_24,0.369756961830297
470,2060,low_variant,5yearly,0_24,0.143371953345991
470,2060,medium_variant,5yearly,0_24,0.255072463768116
470,2060,momentum,5yearly,0_24,0.736881790451383
470,2060,no_change,5yearly,0_24,0.394319131161236
470,2060,zero_migration,5yearly,0_24,0.229584768238135
470,2060,constant_fertility,5yearly,5_14,0.0116090085906664
470,2060,constant_mortality,5yearly,5_14,0.0333366670000333
470,2060,high_variant,5yearly,5_14,0.0269759913676828
470,2060,instant_replacement,5yearly,5_14,0.0308130801525247
470,2060,low_variant,5yearly,5_14,0.0116247529739993
470,2060,medium_variant,5yearly,5_14,0.0193236714975845
470,2060,momentum,5yearly,5_14,0.0514103574733523
470,2060,no_change,5yearly,5_14,0.0267335004177109
470,2060,zero_migration,5yearly,5_14,0.0197917903653565
470,2060,constant_fertility,5yearly,15plus,99.8877795836236
470,2060,constant_mortality,5yearly,15plus,99.6232956628996
470,2060,high_variant,5yearly,15plus,99.7340937993757
470,2060,instant_replacement,5yearly,15plus,99.7457920887417
470,2060,low_variant,5yearly,15plus,99.914751811524
470,2060,medium_variant,5yearly,15plus,99.8338164251208
470,2060,momentum,5yearly,15plus,99.4584775679473
470,2060,no_change,5yearly,15plus,99.7360066833751
470,2060,zero_migration,5yearly,15plus,99.8495823932233
470,2060,constant_fertility,5yearly,15_24,0.0735237210742203
470,2060,constant_mortality,5yearly,15_24,0.156682334900157
470,2060,high_variant,5yearly,15_24,0.119465104628309
470,2060,instant_replacement,5yearly,15_24,0.115549050571968
470,2060,low_variant,5yearly,15_24,0.0581237648699965
470,2060,medium_variant,5yearly,15_24,0.0888888888888889
470,2060,momentum,5yearly,15_24,0.195359358398739
470,2060,no_change,5yearly,15_24,0.130325814536341
470,2060,zero_migration,5yearly,15_24,0.0791671614614258
470,2060,constant_fertility,5yearly,15_49,0.886154322420865
470,2060,constant_mortality,5yearly,15_49,1.73684035070174
470,2060,high_variant,5yearly,15_49,1.1368453504952
470,2060,instant_replacement,5yearly,15_49,1.2094133959866
470,2060,low_variant,5yearly,15_49,0.778858449257953
470,2060,medium_variant,5yearly,15_49,0.954589371980676
470,2060,momentum,5yearly,15_49,2.05641429893409
470,2060,no_change,5yearly,15_49,1.61069340016708
470,2060,zero_migration,5yearly,15_49,0.878755492221826
470,2060,constant_fertility,5yearly,15_59,2.22892964940794
470,2060,constant_mortality,5yearly,15_59,4.42377571090442
470,2060,high_variant,5yearly,15_59,2.47408377972176
470,2060,instant_replacement,5yearly,15_59,2.54593074760236
470,2060,low_variant,5yearly,15_59,2.12345487658387
470,2060,medium_variant,5yearly,15_59,2.29565217391304
470,2060,momentum,5yearly,15_59,4.54124824347945
470,2060,no_change,5yearly,15_59,4.30409356725146
470,2060,zero_migration,5yearly,15_59,2.11376321102007
470,2060,constant_fertility,5yearly,15_64,3.64909836699946
470,2060,constant_mortality,5yearly,15_64,7.38073807380738
470,2060,high_variant,5yearly,15_64,3.88839646999884
470,2060,instant_replacement,5yearly,15_64,3.95948079959943
470,2060,low_variant,5yearly,15_64,3.54554965706979
470,2060,medium_variant,5yearly,15_64,3.71400966183575
470,2060,momentum,5yearly,15_64,7.27285190389691
470,2060,no_change,5yearly,15_64,7.26817042606516
470,2060,zero_migration,5yearly,15_64,3.41606301706052
470,2060,constant_fertility,5yearly,20plus,99.8645615664422
470,2060,constant_mortality,5yearly,20plus,99.5699569956996
470,2060,high_variant,5yearly,20plus,99.6917029557979
470,2060,instant_replacement,5yearly,20plus,99.703424103532
470,2060,low_variant,5yearly,20plus,99.895377223234
470,2060,medium_variant,5yearly,20plus,99.8028985507246
470,2060,momentum,5yearly,20plus,99.3899304246496
470,2060,no_change,5yearly,20plus,99.6925647451963
470,2060,zero_migration,5yearly,20plus,99.8218738867118
470,2060,constant_fertility,5yearly,20_64,3.62588034981813
470,2060,constant_mortality,5yearly,20_64,7.32739940660733
470,2060,high_variant,5yearly,20_64,3.84600562642106
470,2060,instant_replacement,5yearly,20_64,3.91711281438971
470,2060,low_variant,5yearly,20_64,3.52617506877979
470,2060,medium_variant,5yearly,20_64,3.68309178743961
470,2060,momentum,5yearly,20_64,7.2043047605991
470,2060,no_change,5yearly,20_64,7.22472848788638
470,2060,zero_migration,5yearly,20_64,3.38835451054902
470,2060,constant_fertility,5yearly,20_69,6.41591208110827
470,2060,constant_mortality,5yearly,20_69,13.031303130313
470,2060,high_variant,5yearly,20_69,6.62453273729238
470,2060,instant_replacement,5yearly,20_69,6.694141663136
470,2060,low_variant,5yearly,20_69,6.31999070019762
470,2060,medium_variant,5yearly,20_69,6.4695652173913
470,2060,momentum,5yearly,20_69,12.6229564382904
470,2060,no_change,5yearly,20_69,12.9423558897243
470,2060,zero_migration,5yearly,20_69,6.0246209872145
470,2060,constant_fertility,5yearly,25plus,99.8142558625494
470,2060,constant_mortality,5yearly,25plus,99.4666133279995
470,2060,high_variant,5yearly,25plus,99.6146286947474
470,2060,instant_replacement,5yearly,25plus,99.6302430381697
470,2060,low_variant,5yearly,25plus,99.856628046654
470,2060,medium_variant,5yearly,25plus,99.7449275362319
470,2060,momentum,5yearly,25plus,99.2631182095486
470,2060,no_change,5yearly,25plus,99.6056808688388
470,2060,zero_migration,5yearly,25plus,99.7704152317618
470,2060,constant_fertility,5yearly,25_69,6.36560637721538
470,2060,constant_mortality,5yearly,25_69,12.9279594626129
470,2060,high_variant,5yearly,25_69,6.54745847624186
470,2060,instant_replacement,5yearly,25_69,6.62096059777376
470,2060,low_variant,5yearly,25_69,6.28124152361762
470,2060,medium_variant,5yearly,25_69,6.41159420289855
470,2060,momentum,5yearly,25_69,12.4961442231895
470,2060,no_change,5yearly,25_69,12.8554720133668
470,2060,zero_migration,5yearly,25_69,5.97316233226458
470,2060,constant_fertility,5yearly,40plus,99.5433789954338
470,2060,constant_mortality,5yearly,40plus,98.9098909890989
470,2060,high_variant,5yearly,40plus,99.2215499633897
470,2060,instant_replacement,5yearly,40plus,99.2296729961869
470,2060,low_variant,5yearly,40plus,99.63188282249
470,2060,medium_variant,5yearly,40plus,99.4357487922705
470,2060,momentum,5yearly,40plus,98.5982109195599
470,2060,no_change,5yearly,40plus,99.1144527986633
470,2060,zero_migration,5yearly,40plus,99.4893718085738
470,2060,constant_fertility,5yearly,50plus,99.0016252612027
470,2060,constant_mortality,5yearly,50plus,97.8864553121979
470,2060,high_variant,5yearly,50plus,98.5972484488805
470,2060,instant_replacement,5yearly,50plus,98.5363786927551
470,2060,low_variant,5yearly,50plus,99.1358933622661
470,2060,medium_variant,5yearly,50plus,98.8792270531401
470,2060,momentum,5yearly,50plus,97.4020632690133
470,2060,no_change,5yearly,50plus,98.125313283208
470,2060,zero_migration,5yearly,50plus,98.9708269010015
470,2060,constant_fertility,5yearly,60plus,97.6588499342156
470,2060,constant_mortality,5yearly,60plus,95.1995199519952
470,2060,high_variant,5yearly,60plus,97.2600100196539
470,2060,instant_replacement,5yearly,60plus,97.1998613411393
470,2060,low_variant,5yearly,60plus,97.7912969349401
470,2060,medium_variant,5yearly,60plus,97.5381642512077
470,2060,momentum,5yearly,60plus,94.9172293244679
470,2060,no_change,5yearly,60plus,95.4319131161237
470,2060,zero_migration,5yearly,60plus,97.7358191822032
470,2060,constant_fertility,5yearly,65plus,96.2386812166241
470,2060,constant_mortality,5yearly,65plus,92.2425575890922
470,2060,high_variant,5yearly,65plus,95.8456973293768
470,2060,instant_replacement,5yearly,65plus,95.7863112891422
470,2060,low_variant,5yearly,65plus,96.3692021544542
470,2060,medium_variant,5yearly,65plus,96.119806763285
470,2060,momentum,5yearly,65plus,92.1856256640504
470,2060,no_change,5yearly,65plus,92.4678362573099
470,2060,zero_migration,5yearly,65plus,96.4335193761627
470,2060,constant_fertility,5yearly,70plus,93.448649485334
470,2060,constant_mortality,5yearly,70plus,86.5386538653866
470,2060,high_variant,5yearly,70plus,93.0671702185055
470,2060,instant_replacement,5yearly,70plus,93.009282440396
470,2060,low_variant,5yearly,70plus,93.5753865230364
470,2060,medium_variant,5yearly,70plus,93.3333333333333
470,2060,momentum,5yearly,70plus,86.7669739863591
470,2060,no_change,5yearly,70plus,86.750208855472
470,2060,zero_migration,5yearly,70plus,93.7972528994973
470,2060,constant_fertility,5yearly,80plus,78.3878956737095
470,2060,constant_mortality,5yearly,80plus,59.9493282661599
470,2060,high_variant,5yearly,80plus,78.0685190180739
470,2060,instant_replacement,5yearly,80plus,78.0187189461926
470,2060,low_variant,5yearly,80plus,78.4942069981013
470,2060,medium_variant,5yearly,80plus,78.2917874396135
470,2060,momentum,5yearly,80plus,60.5545463892792
470,2060,no_change,5yearly,80plus,60.0969089390142
470,2060,zero_migration,5yearly,80plus,79.0207022127221
470,2060,constant_fertility,5yearly,90plus,40.2948688182029
470,2060,constant_mortality,5yearly,90plus,17.3384005067173
470,2060,high_variant,5yearly,90plus,40.1287140159544
470,2060,instant_replacement,5yearly,90plus,40.10707545353
470,2060,low_variant,5yearly,90plus,40.3495175727516
470,2060,medium_variant,5yearly,90plus,40.2434782608696
470,2060,momentum,5yearly,90plus,17.6303252561949
470,2060,no_change,5yearly,90plus,17.3801169590643
470,2060,zero_migration,5yearly,90plus,40.8185884495111
470,2065,constant_fertility,5yearly,"Region, subregion, country or area *",Malta
470,2065,constant_mortality,5yearly,"Region, subregion, country or area *",Malta
470,2065,high_variant,5yearly,"Region, subregion, country or area *",Malta
470,2065,instant_replacement,5yearly,"Region, subregion, country or area *",Malta
470,2065,low_variant,5yearly,"Region, subregion, country or area *",Malta
470,2065,medium_variant,5yearly,"Region, subregion, country or area *",Malta
470,2065,momentum,5yearly,"Region, subregion, country or area *",Malta
470,2065,no_change,5yearly,"Region, subregion, country or area *",Malta
470,2065,zero_migration,5yearly,"Region, subregion, country or area *",Malta
470,2065,constant_fertility,5yearly,0_4,0.0870354953454931
470,2065,constant_mortality,5yearly,0_4,0.327640984908658
470,2065,high_variant,5yearly,0_4,0.21460843373494
470,2065,instant_replacement,5yearly,0_4,0.19559902200489
470,2065,low_variant,5yearly,0_4,0.0644452026232988
470,2065,medium_variant,5yearly,0_4,0.128466712007859
470,2065,momentum,5yearly,0_4,0.459517849182127
470,2065,no_change,5yearly,0_4,0.222406639004149
470,2065,zero_migration,5yearly,0_4,0.113047206954352
470,2065,constant_fertility,5yearly,0_14,0.0983879512601226
470,2065,constant_mortality,5yearly,0_14,0.36073603388933
470,2065,high_variant,5yearly,0_14,0.244728915662651
470,2065,instant_replacement,5yearly,0_14,0.225691179236411
470,2065,low_variant,5yearly,0_14,0.0758178854391751
470,2065,medium_variant,5yearly,0_14,0.147358875538427
470,2065,momentum,5yearly,0_14,0.510956414389081
470,2065,no_change,5yearly,0_14,0.24896265560166
470,2065,zero_migration,5yearly,0_14,0.132538104705103
470,2065,constant_fertility,5yearly,0_19,0.121092863089382
470,2065,constant_mortality,5yearly,0_19,0.413688112258406
470,2065,high_variant,5yearly,0_19,0.286144578313253
470,2065,instant_replacement,5yearly,0_19,0.267067895429754
470,2065,low_variant,5yearly,0_19,0.0947723567989689
470,2065,medium_variant,5yearly,0_19,0.173807904481221
470,2065,momentum,5yearly,0_19,0.586399643359281
470,2065,no_change,5yearly,0_19,0.292116182572614
470,2065,zero_migration,5yearly,0_19,0.159825361556153
470,2065,constant_fertility,5yearly,0_24,0.1665026867479
470,2065,constant_mortality,5yearly,0_24,0.516282764098491
470,2065,high_variant,5yearly,0_24,0.357680722891566
470,2065,instant_replacement,5yearly,0_24,0.342298288508557
470,2065,low_variant,5yearly,0_24,0.128890405246598
470,2065,medium_variant,5yearly,0_24,0.22670596236681
470,2065,momentum,5yearly,0_24,0.720139912897363
470,2065,no_change,5yearly,0_24,0.378423236514523
470,2065,zero_migration,5yearly,0_24,0.206603516157954
470,2065,constant_fertility,5yearly,5_14,0.0113524559146295
470,2065,constant_mortality,5yearly,5_14,0.0330950489806725
470,2065,high_variant,5yearly,5_14,0.0301204819277108
470,2065,instant_replacement,5yearly,5_14,0.0300921572315215
470,2065,low_variant,5yearly,5_14,0.0113726828158763
470,2065,medium_variant,5yearly,5_14,0.0188921635305675
470,2065,momentum,5yearly,5_14,0.0514385652069545
470,2065,no_change,5yearly,5_14,0.0265560165975104
470,2065,zero_migration,5yearly,5_14,0.0194908977507504
470,2065,constant_fertility,5yearly,15plus,99.9016120487399
470,2065,constant_mortality,5yearly,15plus,99.6392639661107
470,2065,high_variant,5yearly,15plus,99.7552710843374
470,2065,instant_replacement,5yearly,15plus,99.7743088207636
470,2065,low_variant,5yearly,15plus,99.9241821145608
470,2065,medium_variant,5yearly,15plus,99.8526411244616
470,2065,momentum,5yearly,15plus,99.4890435856109
470,2065,no_change,5yearly,15plus,99.7510373443983
470,2065,zero_migration,5yearly,15plus,99.8674618952949
470,2065,constant_fertility,5yearly,15_24,0.0681147354877772
470,2065,constant_mortality,5yearly,15_24,0.155546730209161
470,2065,high_variant,5yearly,15_24,0.112951807228916
470,2065,instant_replacement,5yearly,15_24,0.116607109272146
470,2065,low_variant,5yearly,15_24,0.0530725198074226
470,2065,medium_variant,5yearly,15_24,0.0793470868283836
470,2065,momentum,5yearly,15_24,0.209183498508282
470,2065,no_change,5yearly,15_24,0.129460580912863
470,2065,zero_migration,5yearly,15_24,0.0740654114528515
470,2065,constant_fertility,5yearly,15_49,0.771967002194808
470,2065,constant_mortality,5yearly,15_49,1.68122848821816
470,2065,high_variant,5yearly,15_49,1.08057228915663
470,2065,instant_replacement,5yearly,15_49,1.14350197479782
470,2065,low_variant,5yearly,15_49,0.644452026232988
470,2065,medium_variant,5yearly,15_49,0.857704224287765
470,2065,momentum,5yearly,15_49,2.09526422276328
470,2065,no_change,5yearly,15_49,1.5103734439834
470,2065,zero_migration,5yearly,15_49,0.783534089580166
470,2065,constant_fertility,5yearly,15_59,2.00181639294634
470,2065,constant_mortality,5yearly,15_59,4.38840349483717
470,2065,high_variant,5yearly,15_59,2.34939759036145
470,2065,instant_replacement,5yearly,15_59,2.46003385367689
470,2065,low_variant,5yearly,15_59,1.84995640471587
470,2065,medium_variant,5yearly,15_59,2.09325171918688
470,2065,momentum,5yearly,15_59,4.8283666540928
470,2065,no_change,5yearly,15_59,4.20248962655602
470,2065,zero_migration,5yearly,15_59,1.94129341597474
470,2065,constant_fertility,5yearly,15_64,3.16733520018164
470,2065,constant_mortality,5yearly,15_64,7.04924543288324
470,2065,high_variant,5yearly,15_64,3.50903614457831
470,2065,instant_replacement,5yearly,15_64,3.61858190709046
470,2065,low_variant,5yearly,15_64,3.01755184047917
470,2065,medium_variant,5yearly,15_64,3.25700899266984
470,2065,momentum,5yearly,15_64,7.29055930866568
470,2065,no_change,5yearly,15_64,6.87136929460581
470,2065,zero_migration,5yearly,15_64,3.01329279226601
470,2065,constant_fertility,5yearly,20plus,99.8789071369106
470,2065,constant_mortality,5yearly,20plus,99.5863118877416
470,2065,high_variant,5yearly,20plus,99.7138554216867
470,2065,instant_replacement,5yearly,20plus,99.7329321045703
470,2065,low_variant,5yearly,20plus,99.905227643201
470,2065,medium_variant,5yearly,20plus,99.8261920955188
470,2065,momentum,5yearly,20plus,99.4136003566407
470,2065,no_change,5yearly,20plus,99.7078838174274
470,2065,zero_migration,5yearly,20plus,99.8401746384438
470,2065,constant_fertility,5yearly,20_64,3.14463028835238
470,2065,constant_mortality,5yearly,20_64,6.99629335451417
470,2065,high_variant,5yearly,20_64,3.46762048192771
470,2065,instant_replacement,5yearly,20_64,3.57720519089712
470,2065,low_variant,5yearly,20_64,2.99859736911938
470,2065,medium_variant,5yearly,20_64,3.23055996372705
470,2065,momentum,5yearly,20_64,7.21511607969548
470,2065,no_change,5yearly,20_64,6.82821576763485
470,2065,zero_migration,5yearly,20_64,2.98600553541496
470,2065,constant_fertility,5yearly,20_69,5.30538106410354
470,2065,constant_mortality,5yearly,20_69,11.8149324861001
470,2065,high_variant,5yearly,20_69,5.61746987951807
470,2065,instant_replacement,5yearly,20_69,5.72503291329697
470,2065,low_variant,5yearly,20_69,5.16319799840782
470,2065,medium_variant,5yearly,20_69,5.38804503891786
470,2065,momentum,5yearly,20_69,11.6971297280615
470,2065,no_change,5yearly,20_69,11.6614107883817
470,2065,zero_migration,5yearly,20_69,4.9818734650918
470,2065,constant_fertility,5yearly,25plus,99.8334973132521
470,2065,constant_mortality,5yearly,25plus,99.4837172359015
470,2065,high_variant,5yearly,25plus,99.6423192771084
470,2065,instant_replacement,5yearly,25plus,99.6577017114914
470,2065,low_variant,5yearly,25plus,99.8711095947534
470,2065,medium_variant,5yearly,25plus,99.7732940376332
470,2065,momentum,5yearly,25plus,99.2798600871026
470,2065,no_change,5yearly,25plus,99.6215767634855
470,2065,zero_migration,5yearly,25plus,99.793396483842
470,2065,constant_fertility,5yearly,25_69,5.25997124044502
470,2065,constant_mortality,5yearly,25_69,11.71233783426
470,2065,high_variant,5yearly,25_69,5.54593373493976
470,2065,instant_replacement,5yearly,25_69,5.64980252021817
470,2065,low_variant,5yearly,25_69,5.1290799499602
470,2065,medium_variant,5yearly,25_69,5.33514698103227
470,2065,momentum,5yearly,25_69,11.5633894585234
470,2065,no_change,5yearly,25_69,11.5751037344398
470,2065,zero_migration,5yearly,25_69,4.93509531049
470,2065,constant_fertility,5yearly,40plus,99.5988798910164
470,2065,constant_mortality,5yearly,40plus,98.9608154620069
470,2065,high_variant,5yearly,40plus,99.2921686746988
470,2065,instant_replacement,5yearly,40plus,99.3116419033289
470,2065,low_variant,5yearly,40plus,99.6777739868835
470,2065,medium_variant,5yearly,40plus,99.5050253154991
470,2065,momentum,5yearly,40plus,98.6625973046192
470,2065,no_change,5yearly,40plus,99.1701244813278
470,2065,zero_migration,5yearly,40plus,99.5517093517327
470,2065,constant_fertility,5yearly,50plus,99.1296450465451
470,2065,constant_mortality,5yearly,50plus,97.9580354778925
470,2065,high_variant,5yearly,50plus,98.6746987951807
470,2065,instant_replacement,5yearly,50plus,98.6308068459658
470,2065,low_variant,5yearly,50plus,99.2797300883278
470,2065,medium_variant,5yearly,50plus,98.9949369001738
470,2065,momentum,5yearly,50plus,97.3937793628476
470,2065,no_change,5yearly,50plus,98.240663900415
470,2065,zero_migration,5yearly,50plus,99.0839278057147
470,2065,constant_fertility,5yearly,60plus,97.8997956557935
470,2065,constant_mortality,5yearly,60plus,95.2508604712735
470,2065,high_variant,5yearly,60plus,97.4058734939759
470,2065,instant_replacement,5yearly,60plus,97.3142749670867
470,2065,low_variant,5yearly,60plus,98.0742257098449
470,2065,medium_variant,5yearly,60plus,97.7593894052747
470,2065,momentum,5yearly,60plus,94.6606769315181
470,2065,no_change,5yearly,60plus,95.5485477178423
470,2065,zero_migration,5yearly,60plus,97.9261684793202
470,2065,constant_fertility,5yearly,65plus,96.7342768485582
470,2065,constant_mortality,5yearly,65plus,92.5900185332274
470,2065,high_variant,5yearly,65plus,96.246234939759
470,2065,instant_replacement,5yearly,65plus,96.1557269136731
470,2065,low_variant,5yearly,65plus,96.9066302740816
470,2065,medium_variant,5yearly,65plus,96.5956321317917
470,2065,momentum,5yearly,65plus,92.1984842769452
470,2065,no_change,5yearly,65plus,92.8796680497925
470,2065,zero_migration,5yearly,65plus,96.8541691030289
470,2065,constant_fertility,5yearly,70plus,94.5735260728071
470,2065,constant_mortality,5yearly,70plus,87.7713794016415
470,2065,high_variant,5yearly,70plus,94.0963855421687
470,2065,instant_replacement,5yearly,70plus,94.0078991912733
470,2065,low_variant,5yearly,70plus,94.7420296447932
470,2065,medium_variant,5yearly,70plus,94.4381470566009
470,2065,momentum,5yearly,70plus,87.7164706285793
470,2065,no_change,5yearly,70plus,88.0464730290456
470,2065,zero_migration,5yearly,70plus,94.858301173352
470,2065,constant_fertility,5yearly,80plus,81.4084613638084
470,2065,constant_mortality,5yearly,80plus,62.7084988085782
470,2065,high_variant,5yearly,80plus,80.9977409638554
470,2065,instant_replacement,5yearly,80plus,80.9215723152153
470,2065,low_variant,5yearly,80plus,81.5535084726487
470,2065,medium_variant,5yearly,80plus,81.292979672032
470,2065,momentum,5yearly,80plus,63.3277322451219
470,2065,no_change,5yearly,80plus,62.9078838174274
470,2065,zero_migration,5yearly,80plus,82.1151522239114
470,2065,constant_fertility,5yearly,90plus,43.4609853931734
470,2065,constant_mortality,5yearly,90plus,18.7053216838761
470,2065,high_variant,5yearly,90plus,43.2454819277108
470,2065,instant_replacement,5yearly,90plus,43.2010532255031
470,2065,low_variant,5yearly,90plus,43.5384207134463
470,2065,medium_variant,5yearly,90plus,43.4028564951258
470,2065,momentum,5yearly,90plus,19.0768492164192
470,2065,no_change,5yearly,90plus,18.7651452282158
470,2065,zero_migration,5yearly,90plus,44.1351888667992
470,2070,constant_fertility,5yearly,"Region, subregion, country or area *",Malta
470,2070,constant_mortality,5yearly,"Region, subregion, country or area *",Malta
470,2070,high_variant,5yearly,"Region, subregion, country or area *",Malta
470,2070,instant_replacement,5yearly,"Region, subregion, country or area *",Malta
470,2070,low_variant,5yearly,"Region, subregion, country or area *",Malta
470,2070,medium_variant,5yearly,"Region, subregion, country or area *",Malta
470,2070,momentum,5yearly,"Region, subregion, country or area *",Malta
470,2070,no_change,5yearly,"Region, subregion, country or area *",Malta
470,2070,zero_migration,5yearly,"Region, subregion, country or area *",Malta
470,2070,constant_fertility,5yearly,0_4,0.0779596837064261
470,2070,constant_mortality,5yearly,0_4,0.326940577707371
470,2070,high_variant,5yearly,0_4,0.199137072685032
470,2070,instant_replacement,5yearly,0_4,0.1804522353981
470,2070,low_variant,5yearly,0_4,0.0558222619180529
470,2070,medium_variant,5yearly,0_4,0.114865866310953
470,2070,momentum,5yearly,0_4,0.46830985915493
470,2070,no_change,5yearly,0_4,0.216677387683245
470,2070,zero_migration,5yearly,0_4,0.10411043417907
470,2070,constant_fertility,5yearly,0_14,0.0890967813787727
470,2070,constant_mortality,5yearly,0_14,0.360645791904008
470,2070,high_variant,5yearly,0_14,0.224951137662721
470,2070,instant_replacement,5yearly,0_14,0.206231126169257
470,2070,low_variant,5yearly,0_14,0.0632652301737933
470,2070,medium_variant,5yearly,0_14,0.133392618941752
470,2070,momentum,5yearly,0_14,0.517605633802817
470,2070,no_change,5yearly,0_14,0.2403764769611
470,2070,zero_migration,5yearly,0_14,0.119534202205599
470,2070,constant_fertility,5yearly,0_19,0.107658610832684
470,2070,constant_mortality,5yearly,0_19,0.414574134618626
470,2070,high_variant,5yearly,0_19,0.265516096913375
470,2070,instant_replacement,5yearly,0_19,0.246740811666789
470,2070,low_variant,5yearly,0_19,0.0781511666852741
470,2070,medium_variant,5yearly,0_19,0.15933007262487
470,2070,momentum,5yearly,0_19,0.598591549295775
470,2070,no_change,5yearly,0_19,0.281003487151708
470,2070,zero_migration,5yearly,0_19,0.142669854245392
470,2070,constant_fertility,5yearly,0_24,0.148494635631288
470,2070,constant_mortality,5yearly,0_24,0.522430820047862
470,2070,high_variant,5yearly,0_24,0.339270568278202
470,2070,instant_replacement,5yearly,0_24,0.320394785298667
470,2070,low_variant,5yearly,0_24,0.107923039708236
470,2070,medium_variant,5yearly,0_24,0.211204979991107
470,2070,momentum,5yearly,0_24,0.75
470,2070,no_change,5yearly,0_24,0.365643091715476
470,2070,zero_migration,5yearly,0_24,0.188941158324979
470,2070,constant_fertility,5yearly,5_14,0.0111370976723466
470,2070,constant_mortality,5yearly,5_14,0.0337052141966362
470,2070,high_variant,5yearly,5_14,0.0258140649776893
470,2070,instant_replacement,5yearly,5_14,0.0257788907711571
470,2070,low_variant,5yearly,5_14,0.00744296825574039
470,2070,medium_variant,5yearly,5_14,0.0185267526307989
470,2070,momentum,5yearly,5_14,0.0492957746478873
470,2070,no_change,5yearly,5_14,0.0236990892778549
470,2070,zero_migration,5yearly,5_14,0.0154237680265289
470,2070,constant_fertility,5yearly,15plus,99.9109032186212
470,2070,constant_mortality,5yearly,15plus,99.639354208096
470,2070,high_variant,5yearly,15plus,99.7750488623373
470,2070,instant_replacement,5yearly,15plus,99.7937688738307
470,2070,low_variant,5yearly,15plus,99.9367347698262
470,2070,medium_variant,5yearly,15plus,99.8666073810582
470,2070,momentum,5yearly,15plus,99.4823943661972
470,2070,no_change,5yearly,15plus,99.7596235230389
470,2070,zero_migration,5yearly,15plus,99.8804657977944
470,2070,constant_fertility,5yearly,15_24,0.0593978542525151
470,2070,constant_mortality,5yearly,15_24,0.161785028143854
470,2070,high_variant,5yearly,15_24,0.114319430615481
470,2070,instant_replacement,5yearly,15_24,0.11416365912941
470,2070,low_variant,5yearly,15_24,0.0446578095344423
470,2070,medium_variant,5yearly,15_24,0.0778123610493553
470,2070,momentum,5yearly,15_24,0.232394366197183
470,2070,no_change,5yearly,15_24,0.125266614754376
470,2070,zero_migration,5yearly,15_24,0.06940695611938
470,2070,constant_fertility,5yearly,15_49,0.664513494450013
470,2070,constant_mortality,5yearly,15_49,1.66503758131383
470,2070,high_variant,5yearly,15_49,1.00674853412988
470,2070,instant_replacement,5yearly,15_49,1.01274213743832
470,2070,low_variant,5yearly,15_49,0.543336682669048
470,2070,medium_variant,5yearly,15_49,0.770712909441233
470,2070,momentum,5yearly,15_49,2.05985915492958
470,2070,no_change,5yearly,15_49,1.4490300301317
470,2070,zero_migration,5yearly,15_49,0.6940695611938
470,2070,constant_fertility,5yearly,15_59,1.76708616401233
470,2070,constant_mortality,5yearly,15_59,4.4659408810543
470,2070,high_variant,5yearly,15_59,2.28270088874138
470,2070,instant_replacement,5yearly,15_59,2.43058112985196
470,2070,low_variant,5yearly,15_59,1.55185888132187
470,2070,medium_variant,5yearly,15_59,1.91196087149844
470,2070,momentum,5yearly,15_59,5.39788732394366
470,2070,no_change,5yearly,15_59,4.16088296035481
470,2070,zero_migration,5yearly,15_59,1.76602143903756
470,2070,constant_fertility,5yearly,15_64,2.8362475405576
470,2070,constant_mortality,5yearly,15_64,7.21291583808015
470,2070,high_variant,5yearly,15_64,3.34476527639488
470,2070,instant_replacement,5yearly,15_64,3.49119835015099
470,2070,low_variant,5yearly,15_64,2.62364631014849
470,2070,medium_variant,5yearly,15_64,2.97910182303246
470,2070,momentum,5yearly,15_64,8.0
470,2070,no_change,5yearly,15_64,6.92013406913363
470,2070,zero_migration,5yearly,15_64,2.77242230276857
470,2070,constant_fertility,5yearly,20plus,99.8923413891673
470,2070,constant_mortality,5yearly,20plus,99.5854258653814
470,2070,high_variant,5yearly,20plus,99.7344839030866
470,2070,instant_replacement,5yearly,20plus,99.7532591883332
470,2070,low_variant,5yearly,20plus,99.9218488333147
470,2070,medium_variant,5yearly,20plus,99.8406699273751
470,2070,momentum,5yearly,20plus,99.4014084507042
470,2070,no_change,5yearly,20plus,99.7189965128483
470,2070,zero_migration,5yearly,20plus,99.8573301457546
470,2070,constant_fertility,5yearly,20_64,2.81768571110369
470,2070,constant_mortality,5yearly,20_64,7.15898749536553
470,2070,high_variant,5yearly,20_64,3.30420031714423
470,2070,instant_replacement,5yearly,20_64,3.45068866465346
470,2070,low_variant,5yearly,20_64,2.60876037363701
470,2070,medium_variant,5yearly,20_64,2.95316436934934
470,2070,momentum,5yearly,20_64,7.91901408450704
470,2070,no_change,5yearly,20_64,6.87950705894302
470,2070,zero_migration,5yearly,20_64,2.74928665072877
470,2070,constant_fertility,5yearly,20_69,4.60333370456992
470,2070,constant_mortality,5yearly,20_69,11.6249283764198
470,2070,high_variant,5yearly,20_69,5.0779953534683
470,2070,instant_replacement,5yearly,20_69,5.22206673050011
470,2070,low_variant,5yearly,20_69,4.39879423914257
470,2070,medium_variant,5yearly,20_69,4.73543797243219
470,2070,momentum,5yearly,20_69,12.0845070422535
470,2070,no_change,5yearly,20_69,11.3654061008227
470,2070,zero_migration,5yearly,20_69,4.40734171358063
470,2070,constant_fertility,5yearly,25plus,99.8515053643687
470,2070,constant_mortality,5yearly,25plus,99.4775691799521
470,2070,high_variant,5yearly,25plus,99.6607294317218
470,2070,instant_replacement,5yearly,25plus,99.6796052147013
470,2070,low_variant,5yearly,25plus,99.8920769602918
470,2070,medium_variant,5yearly,25plus,99.7887950200089
470,2070,momentum,5yearly,25plus,99.25
470,2070,no_change,5yearly,25plus,99.6343569082845
470,2070,zero_migration,5yearly,25plus,99.811058841675
470,2070,constant_fertility,5yearly,25_69,4.56249767977132
470,2070,constant_mortality,5yearly,25_69,11.5170716909906
470,2070,high_variant,5yearly,25_69,5.00424088210348
470,2070,instant_replacement,5yearly,25_69,5.14841275686823
470,2070,low_variant,5yearly,25_69,4.36902236611961
470,2070,medium_variant,5yearly,25_69,4.68356306506596
470,2070,momentum,5yearly,25_69,11.9330985915493
470,2070,no_change,5yearly,25_69,11.2807664962589
470,2070,zero_migration,5yearly,25_69,4.36107040950104
470,2070,constant_fertility,5yearly,40plus,99.6473252403757
470,2070,constant_mortality,5yearly,40plus,98.9618794027436
470,2070,high_variant,5yearly,40plus,99.3398974812848
470,2070,instant_replacement,5yearly,40plus,99.3665758267659
470,2070,low_variant,5yearly,40plus,99.7208886904097
470,2070,medium_variant,5yearly,40plus,99.5442418852823
470,2070,momentum,5yearly,40plus,98.6267605633803
470,2070,no_change,5yearly,40plus,99.1942309645529
470,2070,zero_migration,5yearly,40plus,99.5951260893036
470,2070,constant_fertility,5yearly,50plus,99.2463897241712
470,2070,constant_mortality,5yearly,50plus,97.9743166267822
470,2070,high_variant,5yearly,50plus,98.7683003282074
470,2070,instant_replacement,5yearly,50plus,98.7810267363924
470,2070,low_variant,5yearly,50plus,99.3933980871572
470,2070,medium_variant,5yearly,50plus,99.095894471617
470,2070,momentum,5yearly,50plus,97.4225352112676
470,2070,no_change,5yearly,50plus,98.3105934929072
470,2070,zero_migration,5yearly,50plus,99.1863962366006
470,2070,constant_fertility,5yearly,60plus,98.1438170546089
470,2070,constant_mortality,5yearly,60plus,95.1734133270417
470,2070,high_variant,5yearly,60plus,97.4923479735959
470,2070,instant_replacement,5yearly,60plus,97.3631877439788
470,2070,low_variant,5yearly,60plus,98.3848758885043
470,2070,medium_variant,5yearly,60plus,97.9546465095598
470,2070,momentum,5yearly,60plus,94.0845070422535
470,2070,no_change,5yearly,60plus,95.5987405626841
470,2070,zero_migration,5yearly,60plus,98.1144443587568
470,2070,constant_fertility,5yearly,65plus,97.0746556780636
470,2070,constant_mortality,5yearly,65plus,92.4264383700158
470,2070,high_variant,5yearly,65plus,96.4302835859424
470,2070,instant_replacement,5yearly,65plus,96.3025705236798
470,2070,low_variant,5yearly,65plus,97.3130884596777
470,2070,medium_variant,5yearly,65plus,96.8875055580258
470,2070,momentum,5yearly,65plus,91.4823943661972
470,2070,no_change,5yearly,65plus,92.8394894539053
470,2070,zero_migration,5yearly,65plus,97.1080434950258
470,2070,constant_fertility,5yearly,70plus,95.2890076845974
470,2070,constant_mortality,5yearly,70plus,87.9604974889615
470,2070,high_variant,5yearly,70plus,94.6564885496183
470,2070,instant_replacement,5yearly,70plus,94.5311924578331
470,2070,low_variant,5yearly,70plus,95.5230545941722
470,2070,medium_variant,5yearly,70plus,95.105231954943
470,2070,momentum,5yearly,70plus,87.3169014084507
470,2070,no_change,5yearly,70plus,88.3535904120256
470,2070,zero_migration,5yearly,70plus,95.449988432174
470,2070,constant_fertility,5yearly,80plus,84.5194342354382
470,2070,constant_mortality,5yearly,80plus,65.280258856045
470,2070,high_variant,5yearly,80plus,83.954714754582
470,2070,instant_replacement,5yearly,80plus,83.8440008838477
470,2070,low_variant,5yearly,80plus,84.7270291392207
470,2070,medium_variant,5yearly,80plus,84.3560100785535
470,2070,momentum,5yearly,80plus,65.6584507042253
470,2070,no_change,5yearly,80plus,65.5719944476419
470,2070,zero_migration,5yearly,80plus,85.2124624045654
470,2070,constant_fertility,5yearly,90plus,48.320154434421
470,2070,constant_mortality,5yearly,90plus,20.4961407529745
470,2070,high_variant,5yearly,90plus,47.9957222406608
470,2070,instant_replacement,5yearly,90plus,47.9340060396258
470,2070,low_variant,5yearly,90plus,48.4425588924863
470,2070,medium_variant,5yearly,90plus,48.2288424484956
470,2070,momentum,5yearly,90plus,20.919014084507
470,2070,no_change,5yearly,90plus,20.5877374140908
470,2070,zero_migration,5yearly,90plus,49.1786843525873
470,2075,constant_fertility,5yearly,"Region, subregion, country or area *",Malta
470,2075,constant_mortality,5yearly,"Region, subregion, country or area *",Malta
470,2075,high_variant,5yearly,"Region, subregion, country or area *",Malta
470,2075,instant_replacement,5yearly,"Region, subregion, country or area *",Malta
470,2075,low_variant,5yearly,"Region, subregion, country or area *",Malta
470,2075,medium_variant,5yearly,"Region, subregion, country or area *",Malta
470,2075,momentum,5yearly,"Region, subregion, country or area *",Malta
470,2075,no_change,5yearly,"Region, subregion, country or area *",Malta
470,2075,zero_migration,5yearly,"Region, subregion, country or area *",Malta
470,2075,constant_fertility,5yearly,0_4,0.0709378733572282
470,2075,constant_mortality,5yearly,0_4,0.339582596391935
470,2075,high_variant,5yearly,0_4,0.192414431082331
470,2075,instant_replacement,5yearly,0_4,0.17725913069168
470,2075,low_variant,5yearly,0_4,0.0524482073951972
470,2075,medium_variant,5yearly,0_4,0.107991360691145
470,2075,momentum,5yearly,0_4,0.517170815195148
470,2075,no_change,5yearly,0_4,0.220797720797721
470,2075,zero_migration,5yearly,0_4,0.0979854197695383
470,2075,constant_fertility,5yearly,0_14,0.0821385902031063
470,2075,constant_mortality,5yearly,0_14,0.374955783516095
470,2075,high_variant,5yearly,0_14,0.21831637372803
470,2075,instant_replacement,5yearly,0_14,0.203109420584217
470,2075,low_variant,5yearly,0_14,0.059940808451654
470,2075,medium_variant,5yearly,0_14,0.126610560810308
470,2075,momentum,5yearly,0_14,0.565539308702608
470,2075,no_change,5yearly,0_14,0.245726495726496
470,2075,zero_migration,5yearly,0_14,0.109743670141883
470,2075,constant_fertility,5yearly,0_19,0.100806451612903
470,2075,constant_mortality,5yearly,0_19,0.431552882914751
470,2075,high_variant,5yearly,0_19,0.259019426456984
470,2075,instant_replacement,5yearly,0_19,0.240038406144983
470,2075,low_variant,5yearly,0_19,0.0749260105645675
470,2075,medium_variant,5yearly,0_19,0.152677440977136
470,2075,momentum,5yearly,0_19,0.647393682330617
470,2075,no_change,5yearly,0_19,0.284900284900285
470,2075,zero_migration,5yearly,0_19,0.133260170886572
470,2075,constant_fertility,5yearly,0_24,0.138142174432497
470,2075,constant_mortality,5yearly,0_24,0.544747081712062
470,2075,high_variant,5yearly,0_24,0.333024976873266
470,2075,instant_replacement,5yearly,0_24,0.313896377266516
470,2075,low_variant,5yearly,0_24,0.101150114262166
470,2075,medium_variant,5yearly,0_24,0.201087361286959
470,2075,momentum,5yearly,0_24,0.811102429586636
470,2075,no_change,5yearly,0_24,0.37037037037037
470,2075,zero_migration,5yearly,0_24,0.176373755585169
470,2075,constant_fertility,5yearly,5_14,0.0112007168458781
470,2075,constant_mortality,5yearly,5_14,0.0353731871241599
470,2075,high_variant,5yearly,5_14,0.0259019426456984
470,2075,instant_replacement,5yearly,5_14,0.0258502898925367
470,2075,low_variant,5yearly,5_14,0.00749260105645675
470,2075,medium_variant,5yearly,5_14,0.0186192001191629
470,2075,momentum,5yearly,5_14,0.0483684935074599
470,2075,no_change,5yearly,5_14,0.0249287749287749
470,2075,zero_migration,5yearly,5_14,0.0117582503723446
470,2075,constant_fertility,5yearly,15plus,99.9178614097969
470,2075,constant_mortality,5yearly,15plus,99.6250442164839
470,2075,high_variant,5yearly,15plus,99.781683626272
470,2075,instant_replacement,5yearly,15plus,99.7968905794158
470,2075,low_variant,5yearly,15plus,99.9400591915483
470,2075,medium_variant,5yearly,15plus,99.8733894391897
470,2075,momentum,5yearly,15plus,99.4344606912974
470,2075,no_change,5yearly,15plus,99.7542735042735
470,2075,zero_migration,5yearly,15plus,99.8902563298581
470,2075,constant_fertility,5yearly,15_24,0.0560035842293907
470,2075,constant_mortality,5yearly,15_24,0.169791298195967
470,2075,high_variant,5yearly,15_24,0.114708603145236
470,2075,instant_replacement,5yearly,15_24,0.1107869566823
470,2075,low_variant,5yearly,15_24,0.0412093058105121
470,2075,medium_variant,5yearly,15_24,0.0744768004766515
470,2075,momentum,5yearly,15_24,0.245563120884027
470,2075,no_change,5yearly,15_24,0.124643874643875
470,2075,zero_migration,5yearly,15_24,0.0666300854432861
470,2075,constant_fertility,5yearly,15_49,0.589904420549582
470,2075,constant_mortality,5yearly,15_49,1.68730102582243
470,2075,high_variant,5yearly,15_49,0.939870490286772
470,2075,instant_replacement,5yearly,15_49,0.934303334687396
470,2075,low_variant,5yearly,15_49,0.48327276814146
470,2075,medium_variant,5yearly,15_49,0.700081924480524
470,2075,momentum,5yearly,15_49,2.09472783420769
470,2075,no_change,5yearly,15_49,1.42806267806268
470,2075,zero_migration,5yearly,15_49,0.631026103315827
470,2075,constant_fertility,5yearly,15_59,1.56436678614098
470,2075,constant_mortality,5yearly,15_59,4.60558896356562
470,2075,high_variant,5yearly,15_59,2.22016651248844
470,2075,instant_replacement,5yearly,15_59,2.33021898888438
470,2075,low_variant,5yearly,15_59,1.3074588843517
470,2075,medium_variant,5yearly,15_59,1.75020481120131
470,2075,momentum,5yearly,15_59,5.83026379432228
470,2075,no_change,5yearly,15_59,4.13817663817664
470,2075,zero_migration,5yearly,15_59,1.61088030101121
470,2075,constant_fertility,5yearly,15_64,2.56123058542413
470,2075,constant_mortality,5yearly,15_64,7.56278740714538
470,2075,high_variant,5yearly,15_64,3.29694727104533
470,2075,instant_replacement,5yearly,15_64,3.50456072971675
470,2075,low_variant,5yearly,15_64,2.25527291799348
470,2075,medium_variant,5yearly,15_64,2.76308929768377
470,2075,momentum,5yearly,15_64,9.17513115303047
470,2075,no_change,5yearly,15_64,7.05840455840456
470,2075,zero_migration,5yearly,15_64,2.57897624833425
470,2075,constant_fertility,5yearly,20plus,99.8991935483871
470,2075,constant_mortality,5yearly,20plus,99.5684471170853
470,2075,high_variant,5yearly,20plus,99.740980573543
470,2075,instant_replacement,5yearly,20plus,99.759961593855
470,2075,low_variant,5yearly,20plus,99.9250739894354
470,2075,medium_variant,5yearly,20plus,99.8473225590229
470,2075,momentum,5yearly,20plus,99.3526063176694
470,2075,no_change,5yearly,20plus,99.7150997150997
470,2075,zero_migration,5yearly,20plus,99.8667398291134
470,2075,constant_fertility,5yearly,20_64,2.54256272401434
470,2075,constant_mortality,5yearly,20_64,7.50619030774673
470,2075,high_variant,5yearly,20_64,3.25624421831637
470,2075,instant_replacement,5yearly,20_64,3.46763174415599
470,2075,low_variant,5yearly,20_64,2.24028771588057
470,2075,medium_variant,5yearly,20_64,2.73702241751694
470,2075,momentum,5yearly,20_64,9.09327677940246
470,2075,no_change,5yearly,20_64,7.01923076923077
470,2075,zero_migration,5yearly,20_64,2.55545974758956
470,2075,constant_fertility,5yearly,20_69,4.22640382317802
470,2075,constant_mortality,5yearly,20_69,12.2638839759462
470,2075,high_variant,5yearly,20_69,4.92506938020352
470,2075,instant_replacement,5yearly,20_69,5.13312899294656
470,2075,low_variant,5yearly,20_69,3.92986925411157
470,2075,medium_variant,5yearly,20_69,4.41647426826544
470,2075,momentum,5yearly,20_69,13.6324738624102
470,2075,no_change,5yearly,20_69,11.8126780626781
470,2075,zero_migration,5yearly,20_69,4.15458179822842
470,2075,constant_fertility,5yearly,25plus,99.8618578255675
470,2075,constant_mortality,5yearly,25plus,99.455252918288
470,2075,high_variant,5yearly,25plus,99.6669750231267
470,2075,instant_replacement,5yearly,25plus,99.6861036227335
470,2075,low_variant,5yearly,25plus,99.8988498857378
470,2075,medium_variant,5yearly,25plus,99.798912638713
470,2075,momentum,5yearly,25plus,99.1888975704134
470,2075,no_change,5yearly,25plus,99.6296296296296
470,2075,zero_migration,5yearly,25plus,99.8236262444148
470,2075,constant_fertility,5yearly,25_69,4.18906810035842
470,2075,constant_mortality,5yearly,25_69,12.1506897771489
470,2075,high_variant,5yearly,25_69,4.85106382978723
470,2075,instant_replacement,5yearly,25_69,5.05927102182503
470,2075,low_variant,5yearly,25_69,3.90364515041397
470,2075,medium_variant,5yearly,25_69,4.36806434795561
470,2075,momentum,5yearly,25_69,13.4687651151542
470,2075,no_change,5yearly,25_69,11.727207977208
470,2075,zero_migration,5yearly,25_69,4.11146821352983
470,2075,constant_fertility,5yearly,40plus,99.6751792114695
470,2075,constant_mortality,5yearly,40plus,98.9175804740007
470,2075,high_variant,5yearly,40plus,99.3524514338575
470,2075,instant_replacement,5yearly,40plus,99.372207245467
470,2075,low_variant,5yearly,40plus,99.7415052635522
470,2075,medium_variant,5yearly,40plus,99.5717583972592
470,2075,momentum,5yearly,40plus,98.496856047922
470,2075,no_change,5yearly,40plus,99.1809116809117
470,2075,zero_migration,5yearly,40plus,99.6158971545034
470,2075,constant_fertility,5yearly,50plus,99.3279569892473
470,2075,constant_mortality,5yearly,50plus,97.9377431906615
470,2075,high_variant,5yearly,50plus,98.8418131359852
470,2075,instant_replacement,5yearly,50plus,98.8625872447284
470,2075,low_variant,5yearly,50plus,99.4567864234069
470,2075,medium_variant,5yearly,50plus,99.1733075147092
470,2075,momentum,5yearly,50plus,97.3397328570897
470,2075,no_change,5yearly,50plus,98.3262108262108
470,2075,zero_migration,5yearly,50plus,99.2592302265423
470,2075,constant_fertility,5yearly,60plus,98.3534946236559
470,2075,constant_mortality,5yearly,60plus,95.0194552529183
470,2075,high_variant,5yearly,60plus,97.5615171137835
470,2075,instant_replacement,5yearly,60plus,97.4666715905314
470,2075,low_variant,5yearly,60plus,98.6326003071966
470,2075,medium_variant,5yearly,60plus,98.1231846279884
470,2075,momentum,5yearly,60plus,93.6041968969751
470,2075,no_change,5yearly,60plus,95.6160968660969
470,2075,zero_migration,5yearly,60plus,98.2793760288469
470,2075,constant_fertility,5yearly,65plus,97.3566308243728
470,2075,constant_mortality,5yearly,65plus,92.0622568093385
470,2075,high_variant,5yearly,65plus,96.4847363552266
470,2075,instant_replacement,5yearly,65plus,96.292329849699
470,2075,low_variant,5yearly,65plus,97.6847862735549
470,2075,medium_variant,5yearly,65plus,97.1103001415059
470,2075,momentum,5yearly,65plus,90.2593295382669
470,2075,no_change,5yearly,65plus,92.695868945869
470,2075,zero_migration,5yearly,65plus,97.3112800815239
470,2075,constant_fertility,5yearly,70plus,95.6727897252091
470,2075,constant_mortality,5yearly,70plus,87.304563141139
470,2075,high_variant,5yearly,70plus,94.8159111933395
470,2075,instant_replacement,5yearly,70plus,94.6268326009085
470,2075,low_variant,5yearly,70plus,95.9952047353239
470,2075,medium_variant,5yearly,70plus,95.4308482907574
470,2075,momentum,5yearly,70plus,85.7201324552591
470,2075,no_change,5yearly,70plus,87.9024216524217
470,2075,zero_migration,5yearly,70plus,95.712158030885
470,2075,constant_fertility,5yearly,80plus,86.8391577060932
470,2075,constant_mortality,5yearly,80plus,66.4662186062964
470,2075,high_variant,5yearly,80plus,86.0610545790934
470,2075,instant_replacement,5yearly,80plus,85.889434617231
470,2075,low_variant,5yearly,80plus,87.1314576855355
470,2075,medium_variant,5yearly,80plus,86.6202427943696
470,2075,momentum,5yearly,80plus,66.1011273579641
470,2075,no_change,5yearly,80plus,66.9195156695157
470,2075,zero_migration,5yearly,80plus,87.4108332680097
470,2075,constant_fertility,5yearly,90plus,53.3490143369176
470,2075,constant_mortality,5yearly,90plus,22.0905553590379
470,2075,high_variant,5yearly,90plus,52.8732654949121
470,2075,instant_replacement,5yearly,90plus,52.7641345692234
470,2075,low_variant,5yearly,90plus,53.527141947327
470,2075,medium_variant,5yearly,90plus,53.2173977805914
470,2075,momentum,5yearly,90plus,22.4541429475016
470,2075,no_change,5yearly,90plus,22.2435897435897
470,2075,zero_migration,5yearly,90plus,54.41326330642
470,2080,constant_fertility,5yearly,"Region, subregion, country or area *",Malta
470,2080,constant_mortality,5yearly,"Region, subregion, country or area *",Malta
470,2080,high_variant,5yearly,"Region, subregion, country or area *",Malta
470,2080,instant_replacement,5yearly,"Region, subregion, country or area *",Malta
470,2080,low_variant,5yearly,"Region, subregion, country or area *",Malta
470,2080,medium_variant,5yearly,"Region, subregion, country or area *",Malta
470,2080,momentum,5yearly,"Region, subregion, country or area *",Malta
470,2080,no_change,5yearly,"Region, subregion, country or area *",Malta
470,2080,zero_migration,5yearly,"Region, subregion, country or area *",Malta
470,2080,constant_fertility,5yearly,0_4,0.0656548101803576
470,2080,constant_mortality,5yearly,0_4,0.367800401926212
470,2080,high_variant,5yearly,0_4,0.202066415036791
470,2080,instant_replacement,5yearly,0_4,0.182426269382791
470,2080,low_variant,5yearly,0_4,0.0504521286917375
470,2080,medium_variant,5yearly,0_4,0.107742034785286
470,2080,momentum,5yearly,0_4,0.582555262947889
470,2080,no_change,5yearly,0_4,0.226148951665453
470,2080,zero_migration,5yearly,0_4,0.0985464400098546
470,2080,constant_fertility,5yearly,0_14,0.0772409531533619
470,2080,constant_mortality,5yearly,0_14,0.4057179691351
470,2080,high_variant,5yearly,0_14,0.228754432117122
470,2080,instant_replacement,5yearly,0_14,0.209030100334448
470,2080,low_variant,5yearly,0_14,0.0582139946443125
470,2080,medium_variant,5yearly,0_14,0.123133754040326
470,2080,momentum,5yearly,0_14,0.634426621977496
470,2080,no_change,5yearly,0_14,0.249147150139906
470,2080,zero_migration,5yearly,0_14,0.110864745011086
470,2080,constant_fertility,5yearly,0_19,0.0926891437840343
470,2080,constant_mortality,5yearly,0_19,0.462594319948432
470,2080,high_variant,5yearly,0_19,0.266880170803309
470,2080,instant_replacement,5yearly,0_19,0.243235025843722
470,2080,low_variant,5yearly,0_19,0.069856793573175
470,2080,medium_variant,5yearly,0_19,0.146221332922887
470,2080,momentum,5yearly,0_19,0.718218817333014
470,2080,no_change,5yearly,0_19,0.291310514009736
470,2080,zero_migration,5yearly,0_19,0.131395253346473
470,2080,constant_fertility,5yearly,0_24,0.127447572703047
470,2080,constant_mortality,5yearly,0_24,0.580138778295985
470,2080,high_variant,5yearly,0_24,0.339319074307065
470,2080,instant_replacement,5yearly,0_24,0.315445424141076
470,2080,low_variant,5yearly,0_24,0.0931423914309
470,2080,medium_variant,5yearly,0_24,0.19239649068801
470,2080,momentum,5yearly,0_24,0.88979331258479
470,2080,no_change,5yearly,0_24,0.375637241749396
470,2080,zero_migration,5yearly,0_24,0.172456270017246
470,2080,constant_fertility,5yearly,5_14,0.0115861429730043
470,2080,constant_mortality,5yearly,5_14,0.0379175672088879
470,2080,high_variant,5yearly,5_14,0.0266880170803309
470,2080,instant_replacement,5yearly,5_14,0.026603830951657
470,2080,low_variant,5yearly,5_14,0.007761865952575
470,2080,medium_variant,5yearly,5_14,0.0153917192550408
470,2080,momentum,5yearly,5_14,0.0518713590296066
470,2080,no_change,5yearly,5_14,0.0229981984744528
470,2080,zero_migration,5yearly,5_14,0.0123183050012318
470,2080,constant_fertility,5yearly,15plus,99.9227590468466
470,2080,constant_mortality,5yearly,15plus,99.5942820308649
470,2080,high_variant,5yearly,15plus,99.7712455678829
470,2080,instant_replacement,5yearly,15plus,99.7909698996656
470,2080,low_variant,5yearly,15plus,99.9417860053557
470,2080,medium_variant,5yearly,15plus,99.8768662459597
470,2080,momentum,5yearly,15plus,99.3655733780225
470,2080,no_change,5yearly,15plus,99.7508528498601
470,2080,zero_migration,5yearly,15plus,99.8891352549889
470,2080,constant_fertility,5yearly,15_24,0.0502066195496852
470,2080,constant_mortality,5yearly,15_24,0.174420809160884
470,2080,high_variant,5yearly,15_24,0.110564642189942
470,2080,instant_replacement,5yearly,15_24,0.106415323806628
470,2080,low_variant,5yearly,15_24,0.0349283967865875
470,2080,medium_variant,5yearly,15_24,0.0692627366476836
470,2080,momentum,5yearly,15_24,0.255366690607294
470,2080,no_change,5yearly,15_24,0.126490091609491
470,2080,zero_migration,5yearly,15_24,0.0615915250061592
470,2080,constant_fertility,5yearly,15_49,0.544548719731201
470,2080,constant_mortality,5yearly,15_49,1.75558336177151
470,2080,high_variant,5yearly,15_49,0.907392580731252
470,2080,instant_replacement,5yearly,15_49,0.893128610519915
470,2080,low_variant,5yearly,15_49,0.438545426320488
470,2080,medium_variant,5yearly,15_49,0.665691857780514
470,2080,momentum,5yearly,15_49,2.21450802011013
470,2080,no_change,5yearly,15_49,1.45655257004868
470,2080,zero_migration,5yearly,15_49,0.595384741726205
470,2080,constant_fertility,5yearly,15_59,1.40964739504885
470,2080,constant_mortality,5yearly,15_59,4.77761346831987
470,2080,high_variant,5yearly,15_59,2.13504136642647
470,2080,instant_replacement,5yearly,15_59,2.1435086652478
470,2080,low_variant,5yearly,15_59,1.1487561609811
470,2080,medium_variant,5yearly,15_59,1.63921810066184
470,2080,momentum,5yearly,15_59,5.89737451121219
470,2080,no_change,5yearly,15_59,4.17033999003411
470,2080,zero_migration,5yearly,15_59,1.49872710848321
470,2080,constant_fertility,5yearly,15_64,2.32109064225853
470,2080,constant_mortality,5yearly,15_64,7.95510560042468
470,2080,high_variant,5yearly,15_64,3.2826261008807
470,2080,instant_replacement,5yearly,15_64,3.43949528732137
470,2080,low_variant,5yearly,15_64,1.93658555516746
470,2080,medium_variant,5yearly,15_64,2.60889641372941
470,2080,momentum,5yearly,15_64,10.0351129199585
470,2080,no_change,5yearly,15_64,7.18310399018744
470,2080,zero_migration,5yearly,15_64,2.42259998357559
470,2080,constant_fertility,5yearly,20plus,99.907310856216
470,2080,constant_mortality,5yearly,20plus,99.5374056800516
470,2080,high_variant,5yearly,20plus,99.7331198291967
470,2080,instant_replacement,5yearly,20plus,99.7567649741563
470,2080,low_variant,5yearly,20plus,99.9301432064268
470,2080,medium_variant,5yearly,20plus,99.8537786670771
470,2080,momentum,5yearly,20plus,99.281781182667
470,2080,no_change,5yearly,20plus,99.7086894859903
470,2080,zero_migration,5yearly,20plus,99.8686047466535
470,2080,constant_fertility,5yearly,20_64,2.30564245162785
470,2080,constant_mortality,5yearly,20_64,7.89822924961134
470,2080,high_variant,5yearly,20_64,3.24450036219452
470,2080,instant_replacement,5yearly,20_64,3.4052903618121
470,2080,low_variant,5yearly,20_64,1.9249427562386
470,2080,medium_variant,5yearly,20_64,2.58580883484685
470,2080,momentum,5yearly,20_64,9.95132072460298
470,2080,no_change,5yearly,20_64,7.14094062631761
470,2080,zero_migration,5yearly,20_64,2.40206947524021
470,2080,constant_fertility,5yearly,20_69,3.92770246784845
470,2080,constant_mortality,5yearly,20_69,13.127061767717
470,2080,high_variant,5yearly,20_69,4.9944717678905
470,2080,instant_replacement,5yearly,20_69,5.31316509577379
470,2080,low_variant,5yearly,20_69,3.46955408080103
470,2080,medium_variant,5yearly,20_69,4.23657072494998
470,2080,momentum,5yearly,20_69,15.8726358630596
470,2080,no_change,5yearly,20_69,12.3270343823067
470,2080,zero_migration,5yearly,20_69,3.99523692206619
470,2080,constant_fertility,5yearly,25plus,99.872552427297
470,2080,constant_mortality,5yearly,25plus,99.419861221704
470,2080,high_variant,5yearly,25plus,99.6606809256929
470,2080,instant_replacement,5yearly,25plus,99.6845545758589
470,2080,low_variant,5yearly,25plus,99.9068576085691
470,2080,medium_variant,5yearly,25plus,99.807603509312
470,2080,momentum,5yearly,25plus,99.1102066874152
470,2080,no_change,5yearly,25plus,99.6243627582506
470,2080,zero_migration,5yearly,25plus,99.8275437299828
470,2080,constant_fertility,5yearly,25_69,3.89294403892944
470,2080,constant_mortality,5yearly,25_69,13.0095173093694
470,2080,high_variant,5yearly,25_69,4.92203286438675
470,2080,instant_replacement,5yearly,25_69,5.24095469747644
470,2080,low_variant,5yearly,25_69,3.4462684829433
470,2080,medium_variant,5yearly,25_69,4.19039556718485
470,2080,momentum,5yearly,25_69,15.7010613678078
470,2080,no_change,5yearly,25_69,12.2427076545671
470,2080,zero_migration,5yearly,25_69,3.95417590539542
470,2080,constant_fertility,5yearly,40plus,99.6910361873866
470,2080,constant_mortality,5yearly,40plus,98.8359306866871
470,2080,high_variant,5yearly,40plus,99.3366121468603
470,2080,instant_replacement,5yearly,40plus,99.3615080571602
470,2080,low_variant,5yearly,40plus,99.7632630884465
470,2080,medium_variant,5yearly,40plus,99.5805756503001
470,2080,momentum,5yearly,40plus,98.3201659883489
470,2080,no_change,5yearly,40plus,99.1605657556825
470,2080,zero_migration,5yearly,40plus,99.6222386466289
470,2080,constant_fertility,5yearly,50plus,99.3782103271154
470,2080,constant_mortality,5yearly,50plus,97.8386986690934
470,2080,high_variant,5yearly,50plus,98.8638529871516
470,2080,instant_replacement,5yearly,50plus,98.8978412891456
470,2080,low_variant,5yearly,50plus,99.5032405790352
470,2080,medium_variant,5yearly,50plus,99.2111743881791
470,2080,momentum,5yearly,50plus,97.1510653579124
470,2080,no_change,5yearly,50plus,98.2943002798114
470,2080,zero_migration,5yearly,50plus,99.2937505132627
470,2080,constant_fertility,5yearly,60plus,98.5131116517978
470,2080,constant_mortality,5yearly,60plus,94.816668562545
470,2080,high_variant,5yearly,60plus,97.6362042014564
470,2080,instant_replacement,5yearly,60plus,97.6474612344177
470,2080,low_variant,5yearly,60plus,98.7930298443746
470,2080,medium_variant,5yearly,60plus,98.2376481452978
470,2080,momentum,5yearly,60plus,93.4681988668103
470,2080,no_change,5yearly,60plus,95.580512859826
470,2080,zero_migration,5yearly,60plus,98.3904081465057
470,2080,constant_fertility,5yearly,65plus,97.6016684045881
470,2080,constant_mortality,5yearly,65plus,91.6391764304402
470,2080,high_variant,5yearly,65plus,96.4886194670022
470,2080,instant_replacement,5yearly,65plus,96.3514746123442
470,2080,low_variant,5yearly,65plus,98.0052004501882
470,2080,medium_variant,5yearly,65plus,97.2679698322303
470,2080,momentum,5yearly,65plus,89.330460458064
470,2080,no_change,5yearly,65plus,92.5677488596727
470,2080,zero_migration,5yearly,65plus,97.4665352714133
470,2080,constant_fertility,5yearly,70plus,95.9796083883675
470,2080,constant_mortality,5yearly,70plus,86.4103439123346
470,2080,high_variant,5yearly,70plus,94.7386480613062
470,2080,instant_replacement,5yearly,70plus,94.4435998783825
470,2080,low_variant,5yearly,70plus,96.4605891256258
470,2080,medium_variant,5yearly,70plus,95.6172079421271
470,2080,momentum,5yearly,70plus,83.4091453196074
470,2080,no_change,5yearly,70plus,87.3816551036836
470,2080,zero_migration,5yearly,70plus,95.8733678245873
470,2080,constant_fertility,5yearly,80plus,87.9117908314988
470,2080,constant_mortality,5yearly,80plus,65.222007356008
470,2080,high_variant,5yearly,80plus,86.7741812497617
470,2080,instant_replacement,5yearly,80plus,86.5042566129523
470,2080,low_variant,5yearly,80plus,88.3533201381612
470,2080,medium_variant,5yearly,80plus,87.5788825611821
470,2080,momentum,5yearly,80plus,63.4067512568829
470,2080,no_change,5yearly,80plus,65.9550001916517
470,2080,zero_migration,5yearly,80plus,88.1867455038187
470,2080,constant_fertility,5yearly,90plus,58.1933341057429
470,2080,constant_mortality,5yearly,90plus,23.3155120767452
470,2080,high_variant,5yearly,90plus,57.4364253307408
470,2080,instant_replacement,5yearly,90plus,57.2590453025236
470,2080,low_variant,5yearly,90plus,58.4817790196763
470,2080,medium_variant,5yearly,90plus,57.9690626442974
470,2080,momentum,5yearly,90plus,23.3022105179156
470,2080,no_change,5yearly,90plus,23.5808195024723
470,2080,zero_migration,5yearly,90plus,59.3167446825983
470,2085,constant_fertility,5yearly,"Region, subregion, country or area *",Malta
470,2085,constant_mortality,5yearly,"Region, subregion, country or area *",Malta
470,2085,high_variant,5yearly,"Region, subregion, country or area *",Malta
470,2085,instant_replacement,5yearly,"Region, subregion, country or area *",Malta
470,2085,low_variant,5yearly,"Region, subregion, country or area *",Malta
470,2085,medium_variant,5yearly,"Region, subregion, country or area *",Malta
470,2085,momentum,5yearly,"Region, subregion, country or area *",Malta
470,2085,no_change,5yearly,"Region, subregion, country or area *",Malta
470,2085,zero_migration,5yearly,"Region, subregion, country or area *",Malta
470,2085,constant_fertility,5yearly,0_4,0.0615586654081339
470,2085,constant_mortality,5yearly,0_4,0.390482001220256
470,2085,high_variant,5yearly,0_4,0.209263954283875
470,2085,instant_replacement,5yearly,0_4,0.188150520416333
470,2085,low_variant,5yearly,0_4,0.0454996690933157
470,2085,medium_variant,5yearly,0_4,0.110190588907481
470,2085,momentum,5yearly,0_4,0.629276121294028
470,2085,no_change,5yearly,0_4,0.231912867022819
470,2085,zero_migration,5yearly,0_4,0.0973063824140829
470,2085,constant_fertility,5yearly,0_14,0.0738703984897608
470,2085,constant_mortality,5yearly,0_14,0.4311572096807
470,2085,high_variant,5yearly,0_14,0.237434101975935
470,2085,instant_replacement,5yearly,0_14,0.216172938350681
470,2085,low_variant,5yearly,0_14,0.0537723362011913
470,2085,medium_variant,5yearly,0_14,0.126515120597478
470,2085,momentum,5yearly,0_14,0.688402736717628
470,2085,no_change,5yearly,0_14,0.256760674203835
470,2085,zero_migration,5yearly,0_14,0.110575434561458
470,2085,constant_fertility,5yearly,0_19,0.0902860425985964
470,2085,constant_mortality,5yearly,0_19,0.492170022371365
470,2085,high_variant,5yearly,0_19,0.277677170107449
470,2085,instant_replacement,5yearly,0_19,0.252201761409127
470,2085,low_variant,5yearly,0_19,0.0661813368630046
470,2085,medium_variant,5yearly,0_19,0.151001918132474
470,2085,momentum,5yearly,0_19,0.772869330179914
470,2085,no_change,5yearly,0_19,0.298173686172195
470,2085,zero_migration,5yearly,0_19,0.132690521473749
470,2085,constant_fertility,5yearly,0_24,0.123117330816268
470,2085,constant_mortality,5yearly,0_24,0.614195647752695
470,2085,high_variant,5yearly,0_24,0.350114692744175
470,2085,instant_replacement,5yearly,0_24,0.320256204963971
470,2085,low_variant,5yearly,0_24,0.0909993381866314
470,2085,medium_variant,5yearly,0_24,0.195894380279966
470,2085,momentum,5yearly,0_24,0.941802517104485
470,2085,no_change,5yearly,0_24,0.385141011305752
470,2085,zero_migration,5yearly,0_24,0.172497677915874
470,2085,constant_fertility,5yearly,5_14,0.0123117330816268
470,2085,constant_mortality,5yearly,5_14,0.0406752084604434
470,2085,high_variant,5yearly,5_14,0.02817014769206
470,2085,instant_replacement,5yearly,5_14,0.0280224179343475
470,2085,low_variant,5yearly,5_14,0.00827266710787558
470,2085,medium_variant,5yearly,5_14,0.0163245316899971
470,2085,momentum,5yearly,5_14,0.0591266154236
470,2085,no_change,5yearly,5_14,0.0248478071810163
470,2085,zero_migration,5yearly,5_14,0.0132690521473749
470,2085,constant_fertility,5yearly,15plus,99.9261296015102
470,2085,constant_mortality,5yearly,15plus,99.5688427903193
470,2085,high_variant,5yearly,15plus,99.7625658980241
470,2085,instant_replacement,5yearly,15plus,99.7838270616493
470,2085,low_variant,5yearly,15plus,99.9462276637988
470,2085,medium_variant,5yearly,15plus,99.8734848794025
470,2085,momentum,5yearly,15plus,99.3115972632824
470,2085,no_change,5yearly,15plus,99.7432393257962
470,2085,zero_migration,5yearly,15plus,99.8894245654386
470,2085,constant_fertility,5yearly,15_24,0.0492469323265072
470,2085,constant_mortality,5yearly,15_24,0.183038438071995
470,2085,high_variant,5yearly,15_24,0.11268059076824
470,2085,instant_replacement,5yearly,15_24,0.104083266613291
470,2085,low_variant,5yearly,15_24,0.0372270019854401
470,2085,medium_variant,5yearly,15_24,0.0693792596824879
470,2085,momentum,5yearly,15_24,0.253399780386857
470,2085,no_change,5yearly,15_24,0.128380337101917
470,2085,zero_migration,5yearly,15_24,0.0619222433544164
470,2085,constant_fertility,5yearly,15_49,0.521196700455534
470,2085,constant_mortality,5yearly,15_49,1.85478950579622
470,2085,high_variant,5yearly,15_49,0.917541953398527
470,2085,instant_replacement,5yearly,15_49,0.900720576461169
470,2085,low_variant,5yearly,15_49,0.421906022501655
470,2085,medium_variant,5yearly,15_49,0.648900134677387
470,2085,momentum,5yearly,15_49,2.37351127629023
470,2085,no_change,5yearly,15_49,1.50743363564832
470,2085,zero_migration,5yearly,15_49,0.588261311866956
470,2085,constant_fertility,5yearly,15_59,1.30504370665244
470,2085,constant_mortality,5yearly,15_59,4.90949766117551
470,2085,high_variant,5yearly,15_59,2.06044508833353
470,2085,instant_replacement,5yearly,15_59,2.02562049639712
470,2085,low_variant,5yearly,15_59,1.06717405691595
470,2085,medium_variant,5yearly,15_59,1.54674937762723
470,2085,momentum,5yearly,15_59,5.92110820170623
470,2085,no_change,5yearly,15_59,4.20756201598542
470,2085,zero_migration,5yearly,15_59,1.4109425450042
470,2085,constant_fertility,5yearly,15_64,2.13813764517585
470,2085,constant_mortality,5yearly,15_64,8.24079723408582
470,2085,high_variant,5yearly,15_64,3.21139683689485
470,2085,instant_replacement,5yearly,15_64,3.21457165732586
470,2085,low_variant,5yearly,15_64,1.75794176042356
470,2085,medium_variant,5yearly,15_64,2.46908541811207
470,2085,momentum,5yearly,15_64,9.9923980065884
470,2085,no_change,5yearly,15_64,7.25555969685675
470,2085,zero_migration,5yearly,15_64,2.28669998673095
470,2085,constant_fertility,5yearly,20plus,99.9097139574014
470,2085,constant_mortality,5yearly,20plus,99.5078299776286
470,2085,high_variant,5yearly,20plus,99.7223228298925
470,2085,instant_replacement,5yearly,20plus,99.7477982385909
470,2085,low_variant,5yearly,20plus,99.933818663137
470,2085,medium_variant,5yearly,20plus,99.8489980818675
470,2085,momentum,5yearly,20plus,99.2271306698201
470,2085,no_change,5yearly,20plus,99.7018263138278
470,2085,zero_migration,5yearly,20plus,99.8673094785263
470,2085,constant_fertility,5yearly,20_64,2.12172200106702
470,2085,constant_mortality,5yearly,20_64,8.17978442139516
470,2085,high_variant,5yearly,20_64,3.17115376876333
470,2085,instant_replacement,5yearly,20_64,3.17854283426741
470,2085,low_variant,5yearly,20_64,1.74553275976175
470,2085,medium_variant,5yearly,20_64,2.44459862057707
470,2085,momentum,5yearly,20_64,9.90793141312611
470,2085,no_change,5yearly,20_64,7.21414668488839
470,2085,zero_migration,5yearly,20_64,2.26458489981866
470,2085,constant_fertility,5yearly,20_69,3.64427299216153
470,2085,constant_mortality,5yearly,20_69,13.7970307097824
470,2085,high_variant,5yearly,20_69,5.07465089138396
470,2085,instant_replacement,5yearly,20_69,5.32025620496397
470,2085,low_variant,5yearly,20_69,3.0650231634679
470,2085,medium_variant,5yearly,20_69,4.06072725788679
470,2085,momentum,5yearly,20_69,17.1213784948053
470,2085,no_change,5yearly,20_69,12.5812730359879
470,2085,zero_migration,5yearly,20_69,3.82591003582644
470,2085,constant_fertility,5yearly,25plus,99.8768826691837
470,2085,constant_mortality,5yearly,25plus,99.3858043522473
470,2085,high_variant,5yearly,25plus,99.6498853072558
470,2085,instant_replacement,5yearly,25plus,99.679743795036
470,2085,low_variant,5yearly,25plus,99.9090006618134
470,2085,medium_variant,5yearly,25plus,99.80410561972
470,2085,momentum,5yearly,25plus,99.0581974828955
470,2085,no_change,5yearly,25plus,99.6148589886942
470,2085,zero_migration,5yearly,25plus,99.8275023220841
470,2085,constant_fertility,5yearly,25_69,3.61144170394386
470,2085,constant_mortality,5yearly,25_69,13.6750050844011
470,2085,high_variant,5yearly,25_69,5.00221336874723
470,2085,instant_replacement,5yearly,25_69,5.25220176140913
470,2085,low_variant,5yearly,25_69,3.04020516214428
470,2085,medium_variant,5yearly,25_69,4.0158347957393
470,2085,momentum,5yearly,25_69,16.9524453078807
470,2085,no_change,5yearly,25_69,12.4943057108544
470,2085,zero_migration,5yearly,25_69,3.78610287938432
470,2085,constant_fertility,5yearly,40plus,99.7086223170682
470,2085,constant_mortality,5yearly,40plus,98.7634736628025
470,2085,high_variant,5yearly,40plus,99.3118435349511
470,2085,instant_replacement,5yearly,40plus,99.3434747798239
470,2085,low_variant,5yearly,40plus,99.7766379880874
470,2085,medium_variant,5yearly,40plus,99.5796433089826
470,2085,momentum,5yearly,40plus,98.1966382295802
470,2085,no_change,5yearly,40plus,99.1386093510581
470,2085,zero_migration,5yearly,40plus,99.624043522491
470,2085,constant_fertility,5yearly,50plus,99.4049329010547
470,2085,constant_mortality,5yearly,50plus,97.7140532845231
470,2085,high_variant,5yearly,50plus,98.8450239446255
470,2085,instant_replacement,5yearly,50plus,98.8831064851882
470,2085,low_variant,5yearly,50plus,99.5243216412971
470,2085,medium_variant,5yearly,50plus,99.2245847447251
470,2085,momentum,5yearly,50plus,96.9380859869921
470,2085,no_change,5yearly,50plus,98.2358056901478
470,2085,zero_migration,5yearly,50plus,99.3011632535716
470,2085,constant_fertility,5yearly,60plus,98.6210858948578
470,2085,constant_mortality,5yearly,60plus,94.6593451291438
470,2085,high_variant,5yearly,60plus,97.7021208096905
470,2085,instant_replacement,5yearly,60plus,97.7582065652522
470,2085,low_variant,5yearly,60plus,98.8790536068829
470,2085,medium_variant,5yearly,60plus,98.3267355017753
470,2085,momentum,5yearly,60plus,93.3904890615761
470,2085,no_change,5yearly,60plus,95.5356773098108
470,2085,zero_migration,5yearly,60plus,98.4784820204343
470,2085,constant_fertility,5yearly,65plus,97.7879919563344
470,2085,constant_mortality,5yearly,65plus,91.3280455562335
470,2085,high_variant,5yearly,65plus,96.5511690611292
470,2085,instant_replacement,5yearly,65plus,96.5692554043234
470,2085,low_variant,5yearly,65plus,98.1882859033753
470,2085,medium_variant,5yearly,65plus,97.4043994612905
470,2085,momentum,5yearly,65plus,89.319199256694
470,2085,no_change,5yearly,65plus,92.4876796289394
470,2085,zero_migration,5yearly,65plus,97.6027245787076
470,2085,constant_fertility,5yearly,70plus,96.2654409652399
470,2085,constant_mortality,5yearly,70plus,85.7107992678463
470,2085,high_variant,5yearly,70plus,94.6476719385086
470,2085,instant_replacement,5yearly,70plus,94.4275420336269
470,2085,low_variant,5yearly,70plus,96.8687954996691
470,2085,medium_variant,5yearly,70plus,95.7882708239807
470,2085,momentum,5yearly,70plus,82.1057521750148
470,2085,no_change,5yearly,70plus,87.1205532778399
470,2085,zero_migration,5yearly,70plus,96.0413994426998
470,2085,constant_fertility,5yearly,80plus,88.1971518857471
470,2085,constant_mortality,5yearly,80plus,62.5950782997763
470,2085,high_variant,5yearly,80plus,86.4823534146243
470,2085,instant_replacement,5yearly,80plus,86.0288230584468
470,2085,low_variant,5yearly,80plus,88.8856717405692
470,2085,medium_variant,5yearly,80plus,87.7076276374322
470,2085,momentum,5yearly,80plus,58.7845257200777
470,2085,no_change,5yearly,80plus,63.7594732264878
470,2085,zero_migration,5yearly,80plus,88.1153522933345
470,2085,constant_fertility,5yearly,90plus,61.6940944720319
470,2085,constant_mortality,5yearly,90plus,22.9164124466138
470,2085,high_variant,5yearly,90plus,60.4933800152924
470,2085,instant_replacement,5yearly,90plus,60.1761409127302
470,2085,low_variant,5yearly,90plus,62.1815023163468
470,2085,medium_variant,5yearly,90plus,61.3516712239318
470,2085,momentum,5yearly,90plus,21.9951009375792
470,2085,no_change,5yearly,90plus,23.340373545368
470,2085,zero_migration,5yearly,90plus,62.5635808748728
470,2090,constant_fertility,5yearly,"Region, subregion, country or area *",Malta
470,2090,constant_mortality,5yearly,"Region, subregion, country or area *",Malta
470,2090,high_variant,5yearly,"Region, subregion, country or area *",Malta
470,2090,instant_replacement,5yearly,"Region, subregion, country or area *",Malta
470,2090,low_variant,5yearly,"Region, subregion, country or area *",Malta
470,2090,medium_variant,5yearly,"Region, subregion, country or area *",Malta
470,2090,momentum,5yearly,"Region, subregion, country or area *",Malta
470,2090,no_change,5yearly,"Region, subregion, country or area *",Malta
470,2090,zero_migration,5yearly,"Region, subregion, country or area *",Malta
470,2090,constant_fertility,5yearly,0_4,0.0618729836036594
470,2090,constant_mortality,5yearly,0_4,0.405878834486884
470,2090,high_variant,5yearly,0_4,0.218443483102754
470,2090,instant_replacement,5yearly,0_4,0.186630471666101
470,2090,low_variant,5yearly,0_4,0.0447747828423032
470,2090,medium_variant,5yearly,0_4,0.109514631154722
470,2090,momentum,5yearly,0_4,0.626233164622115
470,2090,no_change,5yearly,0_4,0.233202798433581
470,2090,zero_migration,5yearly,0_4,0.101204819277108
470,2090,constant_fertility,5yearly,0_14,0.070711981261325
470,2090,constant_mortality,5yearly,0_14,0.448602922327608
470,2090,high_variant,5yearly,0_14,0.248425921959995
470,2090,instant_replacement,5yearly,0_14,0.216321683067526
470,2090,low_variant,5yearly,0_14,0.0537297394107639
470,2090,medium_variant,5yearly,0_14,0.127036972139478
470,2090,momentum,5yearly,0_14,0.686282920133825
470,2090,no_change,5yearly,0_14,0.259603115237383
470,2090,zero_migration,5yearly,0_14,0.11566265060241
470,2090,constant_fertility,5yearly,0_19,0.0883899765766562
470,2090,constant_mortality,5yearly,0_19,0.512689054088695
470,2090,high_variant,5yearly,0_19,0.286974771919304
470,2090,instant_replacement,5yearly,0_19,0.254496097726502
470,2090,low_variant,5yearly,0_19,0.0671621742634548
470,2090,medium_variant,5yearly,0_19,0.148939898370422
470,2090,momentum,5yearly,0_19,0.772068285150553
470,2090,no_change,5yearly,0_19,0.303603643243719
470,2090,zero_migration,5yearly,0_19,0.139759036144578
470,2090,constant_fertility,5yearly,0_24,0.119326468378486
470,2090,constant_mortality,5yearly,0_24,0.636588908826797
470,2090,high_variant,5yearly,0_24,0.359789266286889
470,2090,instant_replacement,5yearly,0_24,0.318120122158127
470,2090,low_variant,5yearly,0_24,0.0895495656846064
470,2090,medium_variant,5yearly,0_24,0.192745750832311
470,2090,momentum,5yearly,0_24,0.939349746933173
470,2090,no_change,5yearly,0_24,0.391604699256391
470,2090,zero_migration,5yearly,0_24,0.178313253012048
470,2090,constant_fertility,5yearly,5_14,0.00883899765766562
470,2090,constant_mortality,5yearly,5_14,0.0427240878407246
470,2090,high_variant,5yearly,5_14,0.0299824388572408
470,2090,instant_replacement,5yearly,5_14,0.0296912114014252
470,2090,low_variant,5yearly,5_14,0.00895495656846064
470,2090,medium_variant,5yearly,5_14,0.0175223409847556
470,2090,momentum,5yearly,5_14,0.0600497555117097
470,2090,no_change,5yearly,5_14,0.0264003168038016
470,2090,zero_migration,5yearly,5_14,0.0144578313253012
470,2090,constant_fertility,5yearly,15plus,99.9292880187387
470,2090,constant_mortality,5yearly,15plus,99.5513970776724
470,2090,high_variant,5yearly,15plus,99.75157407804
470,2090,instant_replacement,5yearly,15plus,99.7836783169325
470,2090,low_variant,5yearly,15plus,99.9462702605892
470,2090,medium_variant,5yearly,15plus,99.8729630278605
470,2090,momentum,5yearly,15plus,99.3137170798662
470,2090,no_change,5yearly,15plus,99.7403968847626
470,2090,zero_migration,5yearly,15plus,99.8843373493976
470,2090,constant_fertility,5yearly,15_24,0.0486144871171609
470,2090,constant_mortality,5yearly,15_24,0.187985986499188
470,2090,high_variant,5yearly,15_24,0.111363344326894
470,2090,instant_replacement,5yearly,15_24,0.101798439090601
470,2090,low_variant,5yearly,15_24,0.0358198262738426
470,2090,medium_variant,5yearly,15_24,0.0657087786928334
470,2090,momentum,5yearly,15_24,0.253066826799348
470,2090,no_change,5yearly,15_24,0.132001584019008
470,2090,zero_migration,5yearly,15_24,0.0626506024096386
470,2090,constant_fertility,5yearly,15_49,0.499403367658108
470,2090,constant_mortality,5yearly,15_49,1.93112877040075
470,2090,high_variant,5yearly,15_49,0.946588426778601
470,2090,instant_replacement,5yearly,15_49,0.911944350186631
470,2090,low_variant,5yearly,15_49,0.402973045580729
470,2090,medium_variant,5yearly,15_49,0.639565445943578
470,2090,momentum,5yearly,15_49,2.48777558548512
470,2090,no_change,5yearly,15_49,1.53561842742113
470,2090,zero_migration,5yearly,15_49,0.597590361445783
470,2090,constant_fertility,5yearly,15_59,1.22862067441552
470,2090,constant_mortality,5yearly,15_59,4.97735623344442
470,2090,high_variant,5yearly,15_59,2.0173898145372
470,2090,instant_replacement,5yearly,15_59,1.95537835086529
470,2090,low_variant,5yearly,15_59,1.01191009223605
470,2090,medium_variant,5yearly,15_59,1.48063781321185
470,2090,momentum,5yearly,15_59,5.88058677189671
470,2090,no_change,5yearly,15_59,4.23285079420953
470,2090,zero_migration,5yearly,15_59,1.38313253012048
470,2090,constant_fertility,5yearly,15_64,1.98435497414593
470,2090,constant_mortality,5yearly,15_64,8.27992822353243
470,2090,high_variant,5yearly,15_64,3.1010408189489
470,2090,instant_replacement,5yearly,15_64,3.02850356294537
470,2090,low_variant,5yearly,15_64,1.63427957374407
470,2090,medium_variant,5yearly,15_64,2.33923252146487
470,2090,momentum,5yearly,15_64,9.60796088187355
470,2090,no_change,5yearly,15_64,7.20288643463722
470,2090,zero_migration,5yearly,15_64,2.19277108433735
470,2090,constant_fertility,5yearly,20plus,99.9116100234233
470,2090,constant_mortality,5yearly,20plus,99.4873109459113
470,2090,high_variant,5yearly,20plus,99.7130252280807
470,2090,instant_replacement,5yearly,20plus,99.7455039022735
470,2090,low_variant,5yearly,20plus,99.9328378257366
470,2090,medium_variant,5yearly,20plus,99.8510601016296
470,2090,momentum,5yearly,20plus,99.2279317148494
470,2090,no_change,5yearly,20plus,99.6963963567563
470,2090,zero_migration,5yearly,20plus,99.8602409638554
470,2090,constant_fertility,5yearly,20_64,1.9666769788306
470,2090,constant_mortality,5yearly,20_64,8.21584209177134
470,2090,high_variant,5yearly,20_64,3.06249196898959
470,2090,instant_replacement,5yearly,20_64,2.99032914828639
470,2090,low_variant,5yearly,20_64,1.62084713889138
470,2090,medium_variant,5yearly,20_64,2.31732959523392
470,2090,momentum,5yearly,20_64,9.52217551685682
470,2090,no_change,5yearly,20_64,7.15888590663088
470,2090,zero_migration,5yearly,20_64,2.16867469879518
470,2090,constant_fertility,5yearly,20_69,3.38533610288593
470,2090,constant_mortality,5yearly,20_69,13.975049132701
470,2090,high_variant,5yearly,20_69,4.9942176725061
470,2090,instant_replacement,5yearly,20_69,4.97964031218188
470,2090,low_variant,5yearly,20_69,2.79842392764395
470,2090,medium_variant,5yearly,20_69,3.88119852812336
470,2090,momentum,5yearly,20_69,16.3120871579309
470,2090,no_change,5yearly,20_69,12.4917499009988
470,2090,zero_migration,5yearly,20_69,3.67228915662651
470,2090,constant_fertility,5yearly,25plus,99.8806735316215
470,2090,constant_mortality,5yearly,25plus,99.3634110911732
470,2090,high_variant,5yearly,25plus,99.6402107337131
470,2090,instant_replacement,5yearly,25plus,99.6818798778419
470,2090,low_variant,5yearly,25plus,99.9104504343154
470,2090,medium_variant,5yearly,25plus,99.8072542491677
470,2090,momentum,5yearly,25plus,99.0606502530668
470,2090,no_change,5yearly,25plus,99.6083953007436
470,2090,zero_migration,5yearly,25plus,99.821686746988
470,2090,constant_fertility,5yearly,25_69,3.3543996110841
470,2090,constant_mortality,5yearly,25_69,13.8511492779629
470,2090,high_variant,5yearly,25_69,4.92140317813852
470,2090,instant_replacement,5yearly,25_69,4.91601628775025
470,2090,low_variant,5yearly,25_69,2.7760365362228
470,2090,medium_variant,5yearly,25_69,3.83739267566147
470,2090,momentum,5yearly,25_69,16.1448056961482
470,2090,no_change,5yearly,25_69,12.4037488449861
470,2090,zero_migration,5yearly,25_69,3.63373493975904
470,2090,constant_fertility,5yearly,40plus,99.7215715737836
470,2090,constant_mortality,5yearly,40plus,98.7268221823464
470,2090,high_variant,5yearly,40plus,99.2932710840793
470,2090,instant_replacement,5yearly,40plus,99.3552765524262
470,2090,low_variant,5yearly,40plus,99.785081042357
470,2090,medium_variant,5yearly,40plus,99.5882249868583
470,2090,momentum,5yearly,40plus,98.2027966028995
470,2090,no_change,5yearly,40plus,99.1331895982752
470,2090,zero_migration,5yearly,40plus,99.6192771084337
470,2090,constant_fertility,5yearly,50plus,99.4298846510806
470,2090,constant_mortality,5yearly,50plus,97.6202683072716
470,2090,high_variant,5yearly,50plus,98.8049856512614
470,2090,instant_replacement,5yearly,50plus,98.8717339667458
470,2090,low_variant,5yearly,50plus,99.5432972150085
470,2090,medium_variant,5yearly,50plus,99.233397581917
470,2090,momentum,5yearly,50plus,96.825941494381
470,2090,no_change,5yearly,50plus,98.2047784573415
470,2090,zero_migration,5yearly,50plus,99.2867469879518
470,2090,constant_fertility,5yearly,60plus,98.7006673443232
470,2090,constant_mortality,5yearly,60plus,94.574040844228
470,2090,high_variant,5yearly,60plus,97.7341842635028
470,2090,instant_replacement,5yearly,60plus,97.8282999660672
470,2090,low_variant,5yearly,60plus,98.9343601683532
470,2090,medium_variant,5yearly,60plus,98.3923252146487
470,2090,momentum,5yearly,60plus,93.4331303079695
470,2090,no_change,5yearly,60plus,95.5075460905531
470,2090,zero_migration,5yearly,60plus,98.5012048192771
470,2090,constant_fertility,5yearly,65plus,97.9449330445927
470,2090,constant_mortality,5yearly,65plus,91.27146885414
470,2090,high_variant,5yearly,65plus,96.6505332590911
470,2090,instant_replacement,5yearly,65plus,96.7551747539871
470,2090,low_variant,5yearly,65plus,98.3119906868452
470,2090,medium_variant,5yearly,65plus,97.5337305063957
470,2090,momentum,5yearly,65plus,89.7057561979926
470,2090,no_change,5yearly,65plus,92.5375104501254
470,2090,zero_migration,5yearly,65plus,97.6915662650602
470,2090,constant_fertility,5yearly,70plus,96.5262739205374
470,2090,constant_mortality,5yearly,70plus,85.5122618132103
470,2090,high_variant,5yearly,70plus,94.7188075555746
470,2090,instant_replacement,5yearly,70plus,94.7658635900916
470,2090,low_variant,5yearly,70plus,97.1344138980926
470,2090,medium_variant,5yearly,70plus,95.9698615735062
470,2090,momentum,5yearly,70plus,82.9158445569186
470,2090,no_change,5yearly,70plus,87.2046464557575
470,2090,zero_migration,5yearly,70plus,96.1879518072289
470,2090,constant_fertility,5yearly,80plus,88.5048835462059
470,2090,constant_mortality,5yearly,80plus,60.8690079466803
470,2090,high_variant,5yearly,80plus,85.7669079539127
470,2090,instant_replacement,5yearly,80plus,84.955039022735
470,2090,low_variant,5yearly,80plus,89.6659801199964
470,2090,medium_variant,5yearly,80plus,87.7387418959173
470,2090,momentum,5yearly,80plus,54.8125589774384
470,2090,no_change,5yearly,80plus,62.7271527258327
470,2090,zero_migration,5yearly,80plus,88.033734939759
470,2090,constant_fertility,5yearly,90plus,62.6463958987051
470,2090,constant_mortality,5yearly,90plus,20.810903187217
470,2090,high_variant,5yearly,90plus,60.7058722748105
470,2090,instant_replacement,5yearly,90plus,60.1374278927723
470,2090,low_variant,5yearly,90plus,63.4682546789648
470,2090,medium_variant,5yearly,90plus,62.1079376204661
470,2090,momentum,5yearly,90plus,18.7483915244059
470,2090,no_change,5yearly,90plus,21.4458573502882
470,2090,zero_migration,5yearly,90plus,62.7518072289157
470,2095,constant_fertility,5yearly,"Region, subregion, country or area *",Malta
470,2095,constant_mortality,5yearly,"Region, subregion, country or area *",Malta
470,2095,high_variant,5yearly,"Region, subregion, country or area *",Malta
470,2095,instant_replacement,5yearly,"Region, subregion, country or area *",Malta
470,2095,low_variant,5yearly,"Region, subregion, country or area *",Malta
470,2095,medium_variant,5yearly,"Region, subregion, country or area *",Malta
470,2095,momentum,5yearly,"Region, subregion, country or area *",Malta
470,2095,no_change,5yearly,"Region, subregion, country or area *",Malta
470,2095,zero_migration,5yearly,"Region, subregion, country or area *",Malta
470,2095,constant_fertility,5yearly,0_4,0.0568909116768596
470,2095,constant_mortality,5yearly,0_4,0.402432089584883
470,2095,high_variant,5yearly,0_4,0.215924426450742
470,2095,instant_replacement,5yearly,0_4,0.181159420289855
470,2095,low_variant,5yearly,0_4,0.0436554132712456
470,2095,medium_variant,5yearly,0_4,0.107451530016351
470,2095,momentum,5yearly,0_4,0.583236127312115
470,2095,no_change,5yearly,0_4,0.224667583677212
470,2095,zero_migration,5yearly,0_4,0.0986910450862248
470,2095,constant_fertility,5yearly,0_14,0.0663727302896696
470,2095,constant_mortality,5yearly,0_14,0.446174708018022
470,2095,high_variant,5yearly,0_14,0.247413405308142
470,2095,instant_replacement,5yearly,0_14,0.212089077412513
470,2095,low_variant,5yearly,0_14,0.0533566162204113
470,2095,medium_variant,5yearly,0_14,0.121466946975006
470,2095,momentum,5yearly,0_14,0.64572571238127
470,2095,no_change,5yearly,0_14,0.247592847317744
470,2095,zero_migration,5yearly,0_14,0.114273841678787
470,2095,constant_fertility,5yearly,0_19,0.0805954582088845
470,2095,constant_mortality,5yearly,0_19,0.507414373824417
470,2095,high_variant,5yearly,0_19,0.287899235267656
470,2095,instant_replacement,5yearly,0_19,0.251855779427359
470,2095,low_variant,5yearly,0_19,0.063057819169577
470,2095,medium_variant,5yearly,0_19,0.14482597523943
470,2095,momentum,5yearly,0_19,0.733211131478087
470,2095,no_change,5yearly,0_19,0.288858321870702
470,2095,zero_migration,5yearly,0_19,0.135050903802202
470,2095,constant_fertility,5yearly,0_24,0.109040914047314
470,2095,constant_mortality,5yearly,0_24,0.629893705437208
470,2095,high_variant,5yearly,0_24,0.35987404408457
470,2095,instant_replacement,5yearly,0_24,0.31813361611877
470,2095,low_variant,5yearly,0_24,0.0873108265424913
470,2095,medium_variant,5yearly,0_24,0.186872226115394
470,2095,momentum,5yearly,0_24,0.89568405265789
470,2095,no_change,5yearly,0_24,0.375974323704723
470,2095,zero_migration,5yearly,0_24,0.176605028049034
470,2095,constant_fertility,5yearly,5_14,0.00948181861280994
470,2095,constant_mortality,5yearly,5_14,0.0437426184331394
470,2095,high_variant,5yearly,5_14,0.0314889788573999
470,2095,instant_replacement,5yearly,5_14,0.0309296571226582
470,2095,low_variant,5yearly,5_14,0.0097012029491657
470,2095,medium_variant,5yearly,5_14,0.0140154169586545
470,2095,momentum,5yearly,5_14,0.0624895850691551
470,2095,no_change,5yearly,5_14,0.0229252636405319
470,2095,zero_migration,5yearly,5_14,0.0155827965925618
470,2095,constant_fertility,5yearly,15plus,99.9336272697103
470,2095,constant_mortality,5yearly,15plus,99.553825291982
470,2095,high_variant,5yearly,15plus,99.7525865946919
470,2095,instant_replacement,5yearly,15plus,99.7879109225875
470,2095,low_variant,5yearly,15plus,99.9466433837796
470,2095,medium_variant,5yearly,15plus,99.878533053025
470,2095,momentum,5yearly,15plus,99.3542742876188
470,2095,no_change,5yearly,15plus,99.7524071526823
470,2095,zero_migration,5yearly,15plus,99.8857261583212
470,2095,constant_fertility,5yearly,15_24,0.0426681837576447
470,2095,constant_mortality,5yearly,15_24,0.183718997419186
470,2095,high_variant,5yearly,15_24,0.112460638776428
470,2095,instant_replacement,5yearly,15_24,0.106044538706257
470,2095,low_variant,5yearly,15_24,0.0339542103220799
470,2095,medium_variant,5yearly,15_24,0.0654052791403878
470,2095,momentum,5yearly,15_24,0.249958340276621
470,2095,no_change,5yearly,15_24,0.128381476386978
470,2095,zero_migration,5yearly,15_24,0.0623311863702472
470,2095,constant_fertility,5yearly,15_49,0.474090930640497
470,2095,constant_mortality,5yearly,15_49,1.95529504396133
470,2095,high_variant,5yearly,15_49,0.953666216824112
470,2095,instant_replacement,5yearly,15_49,0.923471191233652
470,2095,low_variant,5yearly,15_49,0.378346915017462
470,2095,medium_variant,5yearly,15_49,0.630693763139453
470,2095,momentum,5yearly,15_49,2.46625562406266
470,2095,no_change,5yearly,15_49,1.51765245300321
470,2095,zero_migration,5yearly,15_49,0.586952004986495
470,2095,constant_fertility,5yearly,15_59,1.17100459868203
470,2095,constant_mortality,5yearly,15_59,5.00852981059446
470,2095,high_variant,5yearly,15_59,1.99730094466937
470,2095,instant_replacement,5yearly,15_59,1.93973135383528
470,2095,low_variant,5yearly,15_59,0.960419091967404
470,2095,medium_variant,5yearly,15_59,1.44358794674142
470,2095,momentum,5yearly,15_59,5.81153141143143
470,2095,no_change,5yearly,15_59,4.22283356258597
470,2095,zero_migration,5yearly,15_59,1.35050903802202
470,2095,constant_fertility,5yearly,15_64,1.86317735741715
470,2095,constant_mortality,5yearly,15_64,8.17549538515376
470,2095,high_variant,5yearly,15_64,2.98245614035088
470,2095,instant_replacement,5yearly,15_64,2.89413220219159
470,2095,low_variant,5yearly,15_64,1.54734187039193
470,2095,medium_variant,5yearly,15_64,2.23312310207895
470,2095,momentum,5yearly,15_64,9.12347942009665
470,2095,no_change,5yearly,15_64,7.08849151765245
470,2095,zero_migration,5yearly,15_64,2.09328900893414
470,2095,constant_fertility,5yearly,20plus,99.9194045417911
470,2095,constant_mortality,5yearly,20plus,99.4925856261756
470,2095,high_variant,5yearly,20plus,99.7121007647324
470,2095,instant_replacement,5yearly,20plus,99.7481442205727
470,2095,low_variant,5yearly,20plus,99.9369421808304
470,2095,medium_variant,5yearly,20plus,99.8551740247606
470,2095,momentum,5yearly,20plus,99.2667888685219
470,2095,no_change,5yearly,20plus,99.7111416781293
470,2095,zero_migration,5yearly,20plus,99.8649490961978
470,2095,constant_fertility,5yearly,20_64,1.84895462949794
470,2095,constant_mortality,5yearly,20_64,8.11425571934736
470,2095,high_variant,5yearly,20_64,2.94197031039136
470,2095,instant_replacement,5yearly,20_64,2.85436550017674
470,2095,low_variant,5yearly,20_64,1.53764066744276
470,2095,medium_variant,5yearly,20_64,2.20976407381453
470,2095,momentum,5yearly,20_64,9.03599400099983
470,2095,no_change,5yearly,20_64,7.0472260430995
470,2095,zero_migration,5yearly,20_64,2.07251194681072
470,2095,constant_fertility,5yearly,20_69,3.13848196084009
470,2095,constant_mortality,5yearly,20_69,13.6651939985128
470,2095,high_variant,5yearly,20_69,4.75033738191633
470,2095,instant_replacement,5yearly,20_69,4.62177447861435
470,2095,low_variant,5yearly,20_69,2.60962359332557
470,2095,medium_variant,5yearly,20_69,3.66269563186171
470,2095,momentum,5yearly,20_69,14.9725045825696
470,2095,no_change,5yearly,20_69,12.1274644658414
470,2095,zero_migration,5yearly,20_69,3.45418657801787
470,2095,constant_fertility,5yearly,25plus,99.8909590859527
470,2095,constant_mortality,5yearly,25plus,99.3701062945628
470,2095,high_variant,5yearly,25plus,99.6401259559155
470,2095,instant_replacement,5yearly,25plus,99.6818663838812
470,2095,low_variant,5yearly,25plus,99.9126891734575
470,2095,medium_variant,5yearly,25plus,99.8131277738846
470,2095,momentum,5yearly,25plus,99.1043159473421
470,2095,no_change,5yearly,25plus,99.6240256762953
470,2095,zero_migration,5yearly,25plus,99.823394971951
470,2095,constant_fertility,5yearly,25_69,3.11003650500166
470,2095,constant_mortality,5yearly,25_69,13.5427146669
470,2095,high_variant,5yearly,25_69,4.67836257309941
470,2095,instant_replacement,5yearly,25_69,4.55549664192294
470,2095,low_variant,5yearly,25_69,2.58537058595266
470,2095,medium_variant,5yearly,25_69,3.62064938098575
470,2095,momentum,5yearly,25_69,14.8100316613898
470,2095,no_change,5yearly,25_69,12.0403484640073
470,2095,zero_migration,5yearly,25_69,3.41263245377104
470,2095,constant_fertility,5yearly,40plus,99.7392499881477
470,2095,constant_mortality,5yearly,40plus,98.7402125891256
470,2095,high_variant,5yearly,40plus,99.3027440395862
470,2095,instant_replacement,5yearly,40plus,99.3681512902085
470,2095,low_variant,5yearly,40plus,99.791424136593
470,2095,medium_variant,5yearly,40plus,99.6028965195048
470,2095,momentum,5yearly,40plus,98.3127812031328
470,2095,no_change,5yearly,40plus,99.1609353507565
470,2095,zero_migration,5yearly,40plus,99.6260128817785
470,2095,constant_fertility,5yearly,50plus,99.4595363390698
470,2095,constant_mortality,5yearly,50plus,97.5985302480207
470,2095,high_variant,5yearly,50plus,98.7989203778678
470,2095,instant_replacement,5yearly,50plus,98.8644397313538
470,2095,low_variant,5yearly,50plus,99.5682964687621
470,2095,medium_variant,5yearly,50plus,99.2478392898856
470,2095,momentum,5yearly,50plus,96.8880186635561
470,2095,no_change,5yearly,50plus,98.2347546996791
470,2095,zero_migration,5yearly,50plus,99.2987741533347
470,2095,constant_fertility,5yearly,60plus,98.7626226710283
470,2095,constant_mortality,5yearly,60plus,94.5452954813875
470,2095,high_variant,5yearly,60plus,97.7552856500225
470,2095,instant_replacement,5yearly,60plus,97.8481795687522
470,2095,low_variant,5yearly,60plus,98.9862242918122
470,2095,medium_variant,5yearly,60plus,98.4349451062836
470,2095,momentum,5yearly,60plus,93.5427428761873
470,2095,no_change,5yearly,60plus,95.5295735900963
470,2095,zero_migration,5yearly,60plus,98.5352171202992
470,2095,constant_fertility,5yearly,65plus,98.0704499122932
470,2095,constant_mortality,5yearly,65plus,91.3783299068282
470,2095,high_variant,5yearly,65plus,96.770130454341
470,2095,instant_replacement,5yearly,65plus,96.8937787203959
470,2095,low_variant,5yearly,65plus,98.3993015133877
470,2095,medium_variant,5yearly,65plus,97.645409950946
470,2095,momentum,5yearly,65plus,90.2307948675221
470,2095,no_change,5yearly,65plus,92.6639156350298
470,2095,zero_migration,5yearly,65plus,97.7924371493871
470,2095,constant_fertility,5yearly,70plus,96.780922580951
470,2095,constant_mortality,5yearly,70plus,85.8273916276628
470,2095,high_variant,5yearly,70plus,94.961763382816
470,2095,instant_replacement,5yearly,70plus,95.1263697419583
470,2095,low_variant,5yearly,70plus,97.3273185875048
470,2095,medium_variant,5yearly,70plus,96.1924783928988
470,2095,momentum,5yearly,70plus,84.2942842859523
470,2095,no_change,5yearly,70plus,87.583677212288
470,2095,zero_migration,5yearly,70plus,96.4107625181799
470,2095,constant_fertility,5yearly,80plus,89.1527995069454
470,2095,constant_mortality,5yearly,80plus,60.8897248589301
470,2095,high_variant,5yearly,80plus,85.4475933423302
470,2095,instant_replacement,5yearly,80plus,84.8312124425592
470,2095,low_variant,5yearly,80plus,90.7159487776484
470,2095,medium_variant,5yearly,80plus,88.0682083625321
470,2095,momentum,5yearly,80plus,55.5574070988169
470,2095,no_change,5yearly,80plus,63.4342044933517
470,2095,zero_migration,5yearly,80plus,88.4115936006649
470,2095,constant_fertility,5yearly,90plus,62.3998482909022
470,2095,constant_mortality,5yearly,90plus,19.242377848738
470,2095,high_variant,5yearly,90plus,59.2172739541161
470,2095,instant_replacement,5yearly,90plus,58.1565924354896
470,2095,low_variant,5yearly,90plus,63.8533178114086
470,2095,medium_variant,5yearly,90plus,61.5136650315347
470,2095,momentum,5yearly,90plus,16.2931178136977
470,2095,no_change,5yearly,90plus,20.1879871618524
470,2095,zero_migration,5yearly,90plus,61.6767089133596
